Marital status;Application mode;Application order;Course;Previous qualification;Previous qualification (grade);Mother's qualification;Father's qualification;Mother's occupation;Father's occupation;Admission grade;Debtor;Tuition fees up to date;Gender;Scholarship holder;Age at enrollment;Curricular units 1st sem (enrolled);Curricular units 1st sem (evaluations);Curricular units 1st sem (approved);Curricular units 1st sem (grade);Inflation rate
4;39;1;9130;1;133.1;3;1;5;5;110.0;0;1;0;1;30;6;7;0;0.0;0.6
1;17;1;9238;1;125.0;4;3;1;1;119.8;0;1;0;0;18;6;9;5;11.571428571428571;0.3
1;17;1;9853;1;133.0;38;38;9;9;127.4;1;1;0;1;18;7;7;7;12.714285714285714;0.3
1;17;2;9670;1;110.0;1;1;4;10;115.3;0;1;1;0;19;6;8;6;13.857142857142858;2.8
1;39;1;9500;1;130.0;37;19;9;8;106.2;0;1;0;0;27;7;14;0;0.0;0.6
1;39;1;8014;15;170.0;34;1;90;2;101.0;0;1;0;0;32;6;9;4;12.0;2.6
1;1;1;9773;1;143.0;3;3;2;5;144.8;0;1;0;0;19;6;6;6;12.166666666666666;0.3
1;51;1;9119;1;136.0;1;19;3;5;133.6;0;1;1;0;20;9;12;9;13.454545454545457;0.6
1;17;5;9500;1;147.0;19;1;4;3;138.5;0;1;0;0;19;8;8;8;14.34125;-0.8
1;1;1;9500;1;118.0;19;19;5;7;117.8;0;1;0;1;19;7;7;7;13.7;0.5
1;1;3;9500;1;134.0;1;37;8;7;120.5;0;1;1;1;18;7;12;7;11.716666666666663;2.8
1;1;2;9500;1;140.0;38;38;9;7;138.8;0;1;0;0;19;7;7;6;12.766666666666666;2.6
1;7;1;9500;3;140.0;1;1;9;5;140.0;0;1;0;0;33;7;8;6;14.35;0.3
1;1;2;9500;1;137.0;19;19;7;7;120.8;0;1;0;1;18;8;8;7;14.654285714285717;1.4
1;17;4;9254;1;124.0;1;1;4;4;122.3;0;1;0;0;19;6;7;6;11.666666666666666;-0.3
5;1;3;9085;1;133.0;19;19;4;7;119.7;0;1;0;0;21;5;13;5;12.2;-0.8
1;1;1;9500;1;139.0;37;38;6;6;121.3;0;1;0;1;19;8;10;6;11.833333333333334;-0.8
1;1;1;171;1;156.0;3;3;2;2;147.7;0;1;0;0;21;12;12;12;15.333333333333334;1.4
1;17;1;9147;1;115.0;19;19;7;7;115.0;0;1;0;0;23;5;7;2;10.0;-0.8
1;1;2;9670;1;120.0;3;19;4;5;115.5;0;1;0;0;18;6;8;5;13.0;-0.3
1;1;1;9238;1;145.0;19;37;4;7;148.9;0;1;0;1;18;6;6;6;13.666666666666666;1.4
1;39;1;9238;19;133.1;37;37;9;9;139.0;1;0;1;0;33;6;8;0;0.0;0.3
1;39;1;9085;19;133.1;37;37;9;9;100.0;1;0;0;1;26;6;7;0;0.0;-0.3
1;1;1;9238;1;136.0;19;38;9;9;121.7;0;1;0;1;20;6;9;6;11.875;0.3
1;17;1;9003;1;133.0;38;37;9;9;125.3;0;1;0;0;21;18;22;18;11.88888888888889;2.8
1;1;1;9670;1;122.0;12;12;5;7;126.6;0;1;0;0;18;6;8;6;14.625;0.6
6;17;3;8014;1;115.0;19;1;5;90;115.0;0;0;0;0;24;5;5;0;0.0;1.4
1;43;1;8014;1;148.0;37;37;9;9;134.7;0;1;0;0;23;13;15;9;11.0;2.8
1;1;1;9147;1;129.0;37;38;4;9;121.0;0;1;0;0;18;5;8;2;10.5;2.6
1;17;2;9773;1;120.0;1;1;2;5;127.0;0;0;1;0;18;6;6;0;0.0;1.4
1;44;1;9085;39;140.0;3;38;2;9;140.0;0;1;0;0;21;12;18;8;12.25;0.5
1;1;3;9773;1;142.0;34;1;5;10;136.1;0;0;1;0;19;4;8;0;0.0;-0.8
2;51;1;9500;1;130.0;37;37;5;5;120.0;0;1;1;0;44;7;11;5;12.1;0.6
1;1;3;9773;1;149.0;1;3;0;0;148.7;0;0;1;0;20;4;4;0;0.0;1.4
1;7;1;8014;3;140.0;1;1;4;4;140.0;0;1;0;0;30;6;0;0;0.0;1.4
1;1;1;9670;1;131.0;37;37;9;9;123.0;0;1;0;1;18;5;6;3;11.666666666666666;2.6
1;1;1;9238;1;151.0;37;1;9;9;138.4;0;1;0;1;20;6;8;6;14.25;3.7
1;1;1;9147;1;127.0;1;4;9;10;121.8;0;1;1;0;19;5;8;5;11.6;0.3
1;1;1;9670;1;141.0;1;19;4;4;132.6;0;1;0;1;18;6;8;6;14.0;0.6
1;44;3;9085;39;150.0;1;19;4;1;150.0;0;1;0;0;19;5;10;1;13.0;3.7
1;1;1;9085;1;123.0;3;1;2;5;112.9;0;1;1;0;18;5;5;0;0.0;2.6
1;17;1;9147;1;120.0;38;38;9;8;118.3;0;1;1;0;18;5;13;1;10.0;3.7
1;16;1;9085;1;140.0;1;1;9;9;127.1;0;1;0;0;18;5;8;4;13.25;3.7
1;17;4;9085;1;126.0;1;3;5;5;123.9;0;1;1;0;21;6;0;0;0.0;1.4
1;1;5;9500;1;144.0;37;37;7;9;126.8;1;0;0;0;18;7;0;0;0.0;-0.8
1;1;6;9119;1;126.0;19;19;7;3;116.6;0;1;1;1;20;5;6;5;14.0;1.4
1;1;1;9238;1;168.0;37;37;9;9;149.5;0;1;0;0;18;6;10;6;17.0;0.5
1;1;1;171;1;133.1;3;1;2;4;128.2;0;1;0;0;20;12;13;12;11.23076923076923;0.6
1;17;2;9500;1;130.0;38;38;7;7;122.5;0;1;0;0;19;8;8;7;13.937142857142858;1.4
1;1;4;9500;1;144.0;3;39;2;3;129.0;0;1;0;0;18;7;8;7;12.65;0.3
1;1;1;9119;1;121.0;3;1;2;3;114.0;0;1;1;0;20;5;9;4;11.6;2.6
1;17;2;9773;1;126.0;19;38;9;8;118.7;0;1;0;1;18;6;6;6;14.166666666666666;0.5
1;1;3;9500;1;136.0;1;1;4;4;127.0;0;1;0;0;19;8;10;1;13.67;-0.8
1;17;2;9556;1;133.1;37;38;9;8;106.0;0;1;0;0;19;7;16;2;12.75;1.4
1;17;4;9119;1;122.0;1;1;191;171;121.0;0;1;1;0;20;5;10;4;14.25;1.4
2;39;2;8014;1;100.0;34;34;0;0;100.0;0;1;0;0;41;6;9;5;11.8;2.6
1;17;1;9670;1;149.0;19;37;7;4;134.3;0;1;0;0;20;6;7;6;12.666666666666666;1.4
1;1;3;9085;1;142.0;11;11;90;90;155.3;0;1;0;0;19;5;5;5;15.2;2.6
1;1;1;9500;1;147.0;38;19;5;8;147.3;0;1;0;0;18;7;7;6;13.966666666666669;2.6
1;1;1;9773;1;133.1;1;3;9;9;116.0;0;1;1;0;20;6;8;6;11.5;0.3
1;1;6;171;1;134.0;19;37;5;5;126.0;0;1;0;1;18;0;0;0;0.0;-0.8
1;7;1;9773;43;140.0;19;1;4;8;140.0;0;1;1;0;25;6;6;6;14.666666666666666;0.6
1;1;2;9556;1;136.0;19;19;9;9;129.5;0;1;0;0;18;7;9;7;15.155555555555557;3.7
1;1;2;9500;1;124.0;34;34;0;0;123.3;0;1;0;1;20;8;8;7;14.901428571428571;-0.8
1;1;1;9254;1;132.0;19;38;9;7;120.1;0;1;0;1;20;6;6;6;12.333333333333334;-0.3
1;17;2;9556;1;136.0;1;1;9;9;128.3;0;1;0;1;18;7;7;7;13.428571428571429;2.8
1;1;1;9773;1;122.0;38;19;9;9;126.6;0;1;0;0;18;6;6;6;12.833333333333334;1.4
1;1;1;9147;1;128.0;38;37;5;6;122.1;0;1;0;1;18;5;11;4;11.571428571428571;-0.3
1;1;5;9147;1;133.0;19;3;9;9;123.2;0;1;1;0;18;5;14;4;11.0;-0.3
4;39;1;9500;1;133.1;37;37;9;9;130.0;1;1;0;0;38;7;13;3;11.833333333333334;0.3
1;1;1;9238;1;125.0;1;1;3;3;125.7;0;1;0;0;18;6;10;6;11.571428571428571;0.5
1;17;1;9085;1;128.0;2;19;2;4;123.3;0;1;0;1;20;6;6;6;14.833333333333334;1.4
1;17;2;9773;1;123.0;1;1;3;3;120.9;0;1;0;0;18;6;0;0;0.0;-0.3
1;44;1;9003;1;140.0;1;1;4;5;140.0;0;1;1;0;20;6;11;6;11.285714285714286;0.3
1;44;1;9003;39;140.0;19;38;3;9;140.0;0;1;1;0;21;6;7;6;12.857142857142858;0.5
1;1;1;171;1;163.0;19;1;9;7;143.1;0;1;1;0;18;0;0;0;0.0;-0.8
1;1;4;9500;1;135.0;38;37;9;8;126.3;0;1;0;1;19;7;7;6;15.433333333333332;2.6
1;43;2;9147;1;130.0;34;37;9;9;118.5;0;1;1;0;23;10;19;8;11.625;2.6
1;43;1;9500;1;121.0;38;19;5;5;115.4;0;1;0;1;24;8;8;7;11.971428571428572;3.7
1;17;2;9500;1;135.0;19;1;5;4;127.3;0;1;0;0;18;7;8;7;13.30625;2.8
1;17;1;9773;1;128.0;19;38;5;7;125.6;0;1;1;0;19;6;6;0;0.0;1.4
1;7;1;9070;3;133.1;3;5;2;2;120.0;0;1;0;0;32;3;3;2;16.0;2.6
1;43;2;9500;6;119.1;1;19;4;10;119.1;0;1;1;0;22;7;7;6;12.733333333333334;2.6
1;1;3;9500;1;139.0;18;18;1;1;130.8;0;0;0;0;18;8;9;6;12.758333333333333;-0.8
1;17;2;8014;1;122.0;37;19;9;9;123.8;0;1;0;0;20;6;8;5;12.0;1.4
1;39;1;9991;1;120.0;38;38;3;3;140.0;0;1;0;0;25;5;11;3;10.666666666666666;2.8
1;17;1;9238;1;128.0;19;1;0;5;122.1;0;1;0;0;18;6;9;5;11.833333333333334;-0.3
1;1;6;9147;1;112.0;38;38;9;9;117.3;0;1;0;0;20;5;8;4;12.0;0.6
1;1;1;9085;1;129.0;1;38;4;7;123.4;0;1;0;0;19;5;6;5;12.4;2.6
1;1;1;9147;1;158.0;1;38;3;6;155.2;0;1;1;1;18;5;5;5;11.8;-0.8
1;39;1;9991;1;110.0;37;37;9;9;139.0;0;1;1;0;40;5;0;0;0.0;3.7
1;17;3;9853;1;138.0;37;37;5;9;125.1;0;1;0;1;19;6;6;6;13.5;3.7
1;1;3;9500;1;154.0;1;37;4;9;134.8;0;1;0;0;19;7;7;6;13.533333333333331;2.6
2;43;1;8014;1;130.0;34;34;0;0;130.0;0;1;0;0;45;12;12;9;12.444444444444445;-0.8
1;17;1;9853;1;120.0;37;37;9;10;122.6;0;1;0;0;20;6;8;3;12.333333333333334;3.7
1;17;1;9254;1;128.0;19;1;5;7;120.7;1;1;0;0;18;6;8;6;11.666666666666666;-0.3
2;39;1;9500;1;100.0;37;38;4;4;130.0;0;1;1;1;33;8;16;1;10.0;3.7
1;43;1;9853;1;140.0;37;19;9;8;122.3;0;1;0;0;22;6;9;5;13.6;3.7
2;7;1;9130;2;110.0;19;19;4;8;110.0;0;1;1;0;37;6;9;0;0.0;0.3
1;7;1;9254;3;110.0;19;19;3;3;110.0;0;1;1;0;35;6;7;0;0.0;0.3
1;44;1;9003;39;160.0;38;38;6;6;160.0;0;1;0;0;21;6;11;6;13.428571428571429;2.8
1;43;1;9853;1;140.0;37;37;6;6;125.2;1;1;0;0;41;21;23;21;12.333333333333334;0.5
1;44;1;9085;1;140.0;4;4;2;6;140.0;0;1;0;0;22;6;9;6;13.333333333333334;-0.3
1;39;1;9773;19;133.1;19;1;7;9;115.0;1;0;1;0;25;6;10;4;13.0;3.7
1;39;1;9119;19;133.1;1;19;4;5;100.0;0;1;1;0;25;5;13;1;11.0;-0.3
1;5;1;9853;1;119.0;1;38;5;8;118.3;0;1;0;0;22;6;11;3;15.0;-0.8
1;17;2;9238;1;145.0;19;38;7;6;128.6;0;1;0;1;19;6;12;5;11.714285714285714;3.7
1;17;1;9119;1;126.0;1;1;9;9;116.2;1;0;1;0;21;5;9;2;11.0;2.6
2;42;1;9254;1;136.0;2;2;134;112;130.0;0;1;1;0;22;6;13;4;11.5;2.6
1;7;1;9991;40;120.0;43;3;3;3;120.0;0;1;0;0;27;5;5;5;15.2;0.6
1;1;5;9070;1;117.0;19;37;5;5;131.0;1;0;1;0;21;6;6;1;14.0;-0.8
1;43;1;9238;1;130.0;38;37;9;7;133.2;0;1;0;0;20;9;15;9;11.666666666666666;2.6
1;53;1;9085;42;160.0;19;37;4;9;160.0;0;1;0;0;20;11;15;11;13.785714285714286;1.4
1;1;3;9500;1;149.0;1;1;4;4;129.3;0;1;1;0;18;8;8;7;13.1;3.7
1;17;1;9670;1;121.0;19;38;4;10;114.4;0;1;0;0;19;6;10;5;11.5;0.6
1;17;1;9500;1;130.0;1;3;9;2;128.6;0;1;0;0;18;7;7;7;14.728571428571428;0.3
1;1;2;9773;1;132.0;38;1;9;9;124.3;0;1;0;0;19;6;6;5;12.2;1.4
6;39;1;8014;1;133.1;37;37;9;9;119.0;0;1;0;1;48;6;7;6;10.666666666666666;1.4
1;43;1;9853;1;130.0;2;39;2;5;124.6;0;1;1;0;37;21;21;21;12.476190476190476;0.5
2;39;1;9853;10;133.1;37;34;0;0;115.5;0;1;0;0;39;6;12;3;12.666666666666666;2.6
1;39;1;9147;19;133.1;3;1;3;5;153.2;1;1;0;0;24;5;8;5;10.2;0.5
1;39;1;9254;19;133.1;37;37;90;90;100.0;0;1;1;0;48;6;13;3;10.0;2.6
1;44;1;9130;39;150.0;3;1;2;8;150.0;0;0;1;0;22;5;5;0;0.0;3.7
1;1;1;9238;1;152.0;1;38;4;5;144.7;0;1;0;0;20;6;8;6;14.5;0.3
1;1;1;9130;1;132.0;1;1;3;3;143.9;0;1;1;0;20;5;14;2;11.0;-0.8
1;39;1;9119;19;133.1;1;1;4;3;134.4;1;0;1;0;31;5;9;2;13.333333333333334;0.3
1;17;1;9130;1;145.0;38;37;9;7;129.3;0;1;0;0;19;5;5;5;11.8;1.4
1;17;1;9147;1;133.1;1;19;4;8;95.0;0;1;1;0;20;5;14;0;0.0;0.6
1;17;1;9556;1;133.0;38;37;9;9;124.4;0;1;0;1;18;7;7;7;13.3;2.8
1;1;3;9070;1;146.0;34;34;0;0;143.6;0;1;0;0;18;6;6;6;12.5;2.6
1;44;1;9003;39;160.0;37;38;9;9;160.0;1;1;0;1;19;6;8;6;13.0;2.8
5;39;1;9147;1;133.1;19;19;9;9;119.8;0;1;1;0;26;5;9;5;12.0;0.6
2;7;1;9500;3;120.0;37;19;9;7;120.0;0;1;0;0;45;11;11;11;12.7;-0.3
1;17;2;9853;1;133.1;19;1;9;3;107.0;0;1;0;0;20;7;12;6;11.666666666666666;0.3
1;1;6;9853;1;136.0;1;19;5;5;122.0;0;1;0;0;18;6;6;6;12.666666666666666;2.6
1;1;1;9147;1;153.0;1;38;4;3;146.7;0;1;0;0;18;5;5;5;16.2;0.6
2;39;1;9991;1;100.0;37;37;1;1;161.9;0;1;1;0;59;5;7;0;0.0;0.3
2;39;1;8014;3;110.0;37;37;9;9;160.5;0;1;0;0;38;11;11;11;12.636363636363637;-0.3
1;39;1;9991;19;133.1;19;37;7;5;155.5;1;0;1;0;39;5;6;5;10.6;1.4
1;18;1;9254;1;118.0;38;38;5;5;123.3;0;1;1;0;26;6;10;4;10.0;-0.8
1;17;1;9254;1;133.1;1;1;4;5;131.0;0;1;0;0;21;6;12;3;11.0;-0.8
1;43;1;9500;1;140.0;1;1;6;6;128.2;0;1;0;0;39;7;0;0;0.0;3.7
1;44;1;8014;39;130.0;37;38;6;6;130.0;0;1;0;0;23;9;10;9;10.88888888888889;0.6
1;17;1;9003;1;120.0;38;37;5;9;131.4;0;1;1;1;23;18;19;18;11.894736842105264;2.8
1;1;1;9238;1;132.0;37;37;9;5;135.9;0;1;0;0;18;6;11;5;12.4;-0.8
1;17;4;9085;1;123.0;19;19;4;10;124.4;0;1;0;0;19;6;14;6;15.666666666666666;2.8
1;17;2;9119;1;127.0;19;1;9;10;121.1;0;1;1;1;18;5;6;5;13.2;1.4
1;1;5;9500;1;144.0;19;38;4;8;141.3;0;1;0;1;18;8;9;8;13.31;-0.8
1;43;1;9556;1;140.0;37;37;9;9;128.0;0;0;0;0;32;7;7;0;0.0;1.4
2;17;5;9119;1;126.0;37;38;4;4;122.9;0;1;1;0;21;5;10;4;13.2;2.6
1;39;1;9500;1;130.0;38;37;5;7;120.0;0;1;0;1;25;8;11;7;13.29;-0.8
1;17;1;9853;1;133.1;38;12;7;0;111.5;0;0;0;1;20;6;10;4;12.0;2.6
1;39;1;9991;1;120.0;38;38;5;7;146.2;0;1;0;0;27;5;10;3;12.333333333333334;0.6
1;1;1;9147;1;132.0;38;37;7;7;131.3;0;1;0;0;18;5;8;4;12.0;-0.8
1;17;1;9119;1;130.0;1;3;4;2;123.0;0;1;1;0;18;5;10;1;10.0;-0.8
1;1;2;9670;1;122.0;1;1;9;9;116.1;0;1;1;1;18;5;6;4;12.25;-0.8
1;1;3;9500;1;141.0;19;19;9;7;131.7;0;1;0;1;19;7;10;7;13.605;2.8
1;7;1;9500;40;170.0;1;1;9;4;170.0;0;1;0;0;24;7;7;7;16.885714285714283;0.3
1;1;1;9254;1;133.1;38;19;3;3;98.6;0;1;0;0;21;6;16;2;11.0;3.7
2;39;1;8014;19;133.1;37;37;6;6;139.0;0;1;1;0;49;6;8;6;12.166666666666666;0.5
4;7;1;9500;40;130.0;37;37;3;3;130.0;0;1;0;0;32;7;16;4;13.625;0.5
1;1;1;9500;1;110.0;19;19;9;7;105.8;0;1;1;0;22;7;8;6;14.333333333333334;0.6
1;1;1;9085;1;131.0;37;37;90;90;137.0;0;1;0;0;18;5;5;5;14.0;2.6
1;17;1;9500;1;127.0;19;38;5;9;129.5;0;1;0;1;20;7;7;6;12.333333333333334;2.6
1;43;2;9670;1;125.0;38;19;4;3;106.6;0;1;0;0;20;6;7;6;11.5;1.4
1;17;1;9130;1;117.0;19;19;4;4;113.5;0;1;0;0;19;6;8;6;11.333333333333334;1.4
1;1;1;9670;1;130.0;1;1;0;0;119.5;0;0;1;0;19;5;5;0;0.0;-0.8
1;1;2;9085;1;130.0;37;19;9;8;129.0;0;1;0;0;20;5;7;4;11.75;2.6
1;17;1;9003;1;119.0;37;37;4;6;113.2;1;1;0;0;20;6;8;6;13.333333333333334;0.6
1;51;1;9147;1;116.0;3;3;2;2;115.2;1;1;1;0;32;7;16;3;12.0;1.4
1;1;1;9670;1;133.1;1;37;9;10;139.0;0;1;1;0;21;6;6;5;12.8;1.4
2;39;1;9254;1;130.0;37;37;9;9;125.0;0;1;0;0;41;6;8;6;12.285714285714286;1.4
1;39;1;9773;12;120.0;1;1;9;9;129.8;0;1;1;0;52;6;7;5;13.0;-0.8
1;17;1;9070;1;135.0;37;19;9;9;125.2;0;1;0;0;19;6;6;6;14.333333333333334;3.7
2;39;1;9147;12;133.1;37;37;9;9;120.0;0;1;0;0;25;5;0;0;0.0;-0.8
1;1;1;9500;1;136.0;19;19;4;7;136.0;0;1;0;1;19;7;7;7;14.014285714285714;-0.3
1;17;1;9147;1;126.0;37;37;4;7;116.9;0;1;1;1;19;5;12;3;11.666666666666666;3.7
1;39;1;9773;1;140.0;34;37;0;0;102.5;0;1;0;0;26;6;8;4;11.75;2.6
1;1;2;9500;1;135.0;19;19;9;10;122.9;0;1;0;0;18;7;10;7;13.128;2.8
1;39;1;9991;3;130.0;37;37;9;9;146.2;0;1;0;0;28;14;16;11;11.272727272727272;1.4
1;39;1;9003;1;100.0;1;3;9;10;120.0;1;0;1;0;44;7;14;4;12.0;2.8
1;1;1;171;1;146.0;19;37;9;7;153.0;0;1;0;1;21;17;18;17;13.38888888888889;0.6
1;17;1;9070;1;136.0;38;19;7;7;121.7;0;1;0;0;18;6;6;2;13.0;0.5
1;39;1;9556;1;133.1;3;3;4;4;169.2;1;0;0;0;54;7;7;0;0.0;0.5
2;39;1;9254;1;130.0;37;37;4;7;120.0;0;1;0;0;34;6;7;5;12.4;-0.8
1;39;1;9085;1;130.0;34;1;0;2;128.2;0;1;1;0;25;5;5;0;0.0;2.6
1;39;1;9130;10;133.1;12;36;90;90;128.2;0;0;1;1;30;5;13;0;0.0;-0.8
1;39;1;9254;1;160.0;3;1;6;6;116.3;0;1;0;0;24;6;8;5;12.6;-0.8
1;17;2;9147;1;134.0;37;19;9;8;126.3;0;1;0;1;18;5;8;5;11.8;0.3
2;39;2;9003;19;133.1;38;19;4;1;110.0;0;0;1;0;32;8;12;2;11.5;2.8
1;1;1;9085;1;139.0;3;4;2;2;130.6;0;1;0;0;18;5;12;5;12.8;-0.8
1;39;1;9119;1;150.0;1;38;3;5;120.0;0;1;1;0;24;5;6;3;10.666666666666666;2.8
1;1;1;171;1;135.0;1;38;5;7;137.5;1;0;1;0;19;0;0;0;0.0;3.7
1;43;1;9991;1;141.0;37;37;9;9;131.9;0;1;0;0;21;10;20;6;11.5;-0.8
2;39;1;9556;19;133.1;37;38;9;9;123.0;0;1;0;0;31;7;13;6;11.833333333333334;0.5
2;39;1;9238;19;133.1;37;37;4;4;98.5;0;1;0;0;48;6;14;6;11.333333333333334;2.8
1;17;3;9500;1;139.0;38;1;9;5;131.8;0;1;0;0;18;8;8;7;14.652857142857142;1.4
1;17;1;9070;1;132.0;37;38;9;7;138.0;0;1;1;1;18;6;6;6;13.666666666666666;0.5
1;43;1;9003;1;120.0;3;3;1;2;115.0;0;1;1;0;22;6;12;0;0.0;0.3
1;1;3;9238;1;137.0;1;1;3;3;131.4;0;1;0;0;20;6;9;5;11.8;2.6
2;39;1;9991;19;133.1;19;39;5;3;121.7;1;0;0;0;31;5;7;0;0.0;0.3
1;17;4;9147;1;125.0;19;19;5;5;118.0;0;1;0;0;19;5;7;5;13.6;1.4
1;1;1;171;1;136.0;37;19;5;8;129.0;0;1;1;1;19;0;0;0;0.0;-0.3
1;1;1;9500;1;136.0;1;19;9;9;131.5;0;1;0;1;20;7;8;6;13.863333333333337;0.6
1;18;1;8014;1;138.0;19;1;9;5;134.5;0;1;0;0;19;6;6;6;12.666666666666666;0.5
1;39;1;9991;1;110.0;37;37;9;9;121.8;0;0;1;0;36;5;5;0;0.0;3.7
1;17;2;9238;1;133.0;1;37;7;9;127.4;0;1;0;1;18;6;8;6;12.25;3.7
1;1;4;171;1;131.0;1;1;0;3;149.9;0;1;1;0;18;0;0;0;0.0;0.6
1;39;1;9773;19;100.0;37;37;0;0;128.0;0;1;1;0;28;6;7;6;13.166666666666666;2.6
1;1;1;9853;1;133.1;19;19;9;8;132.0;0;1;0;0;21;6;8;5;12.0;3.7
1;17;6;9773;1;141.0;37;37;5;5;127.7;0;1;1;0;18;6;6;6;15.166666666666666;-0.8
1;1;4;9500;1;137.0;1;19;4;7;126.7;0;1;0;0;18;7;0;0;0.0;2.8
1;17;4;9556;1;112.0;1;1;4;10;107.1;0;1;0;0;20;7;7;7;12.5;0.5
1;1;4;9500;1;132.0;1;37;4;7;121.8;0;1;0;1;19;8;8;7;13.6;3.7
1;1;3;9500;1;154.0;3;3;1;3;129.0;0;1;0;0;18;8;9;6;13.345;-0.8
1;1;1;9853;1;140.0;19;19;7;7;124.6;0;1;0;0;18;7;7;6;11.666666666666666;0.3
1;1;1;9085;1;122.0;9;19;90;6;103.4;0;1;0;0;19;5;6;5;14.4;2.6
1;39;1;9119;1;160.0;38;37;7;7;129.0;0;1;1;0;24;5;9;0;0.0;2.6
1;43;1;9130;1;156.0;19;1;9;4;156.0;1;0;1;0;24;6;11;5;11.833333333333334;2.8
1;1;1;9853;1;160.0;1;37;9;9;146.0;0;1;0;0;19;6;11;3;10.333333333333334;-0.8
1;1;2;9500;1;145.0;37;1;9;4;138.8;0;1;0;1;18;7;7;6;12.95;2.6
1;43;1;9070;39;130.0;19;37;5;9;124.0;0;1;0;1;21;12;12;12;13.333333333333334;2.8
1;1;4;171;1;132.0;1;19;4;5;138.0;1;0;1;0;19;0;0;0;0.0;2.8
1;1;1;9500;1;151.0;37;37;9;9;138.0;0;1;0;0;18;7;7;6;15.2;2.6
1;1;5;9670;1;133.1;9;1;2;4;133.0;0;1;0;0;19;6;0;0;0.0;2.6
2;39;1;9991;1;140.0;37;37;9;9;120.0;0;0;0;0;38;5;6;5;10.6;3.7
1;16;4;9254;1;126.0;38;37;9;7;118.7;0;1;0;1;21;6;7;6;13.571428571428571;1.4
1;39;1;9003;1;133.1;1;37;9;8;130.0;0;1;1;0;29;3;4;0;0.0;0.3
1;39;1;171;19;133.1;1;19;2;7;110.0;0;1;1;1;25;0;0;0;0.0;2.8
1;39;1;8014;1;130.0;37;37;9;6;134.0;0;1;0;1;35;8;8;8;13.625;1.4
1;43;2;9500;1;130.0;38;37;4;4;126.8;0;1;1;1;28;23;23;20;13.5;2.6
4;39;1;9238;19;133.1;37;37;9;10;103.5;0;0;0;0;44;6;0;0;0.0;-0.3
1;1;1;9254;1;143.0;2;37;1;1;133.2;0;1;0;0;19;6;9;5;13.4;1.4
1;17;1;9147;1;148.0;38;37;5;5;134.0;0;1;1;0;18;5;9;0;0.0;2.6
2;43;1;9991;1;134.0;37;37;9;9;113.7;0;1;0;0;32;5;5;5;10.2;-0.8
1;51;1;9070;12;133.1;37;19;3;7;106.6;1;1;0;0;31;6;8;5;11.0;1.4
1;44;1;9085;39;110.0;3;5;2;2;110.0;0;1;1;0;23;6;19;0;0.0;-0.3
1;1;1;8014;1;126.0;38;37;5;5;118.7;0;1;0;0;19;6;6;6;12.5;3.7
2;39;1;9991;1;170.0;38;19;4;8;134.7;0;1;0;0;33;5;5;5;12.8;1.4
1;1;1;9238;1;136.0;38;38;0;7;133.2;0;1;0;0;19;6;8;5;11.0;2.6
1;44;1;9238;39;140.0;38;19;5;0;141.8;0;1;0;0;21;6;7;6;12.571428571428571;0.5
1;39;1;9003;1;133.1;1;1;1;6;120.0;0;0;1;0;24;6;0;0;0.0;-0.3
2;39;1;9500;19;133.1;37;38;9;10;120.9;0;1;0;0;39;7;12;4;12.0;0.6
1;44;1;9130;39;150.0;5;1;2;5;150.0;0;1;1;0;19;6;13;5;11.6;-0.3
1;43;1;9991;1;140.0;1;1;6;6;100.0;0;1;1;0;34;5;5;5;13.8;-0.8
4;39;1;9085;1;140.0;37;37;9;9;154.6;0;0;0;1;44;6;12;4;12.75;1.4
1;1;4;9254;1;110.0;37;37;9;7;113.2;0;1;0;0;24;6;14;2;10.5;1.4
1;39;1;9254;1;133.1;19;1;4;1;101.0;1;1;0;0;25;6;6;0;0.0;2.8
1;17;4;9254;1;106.0;37;19;9;7;116.9;0;1;0;0;20;6;7;6;11.5;0.6
1;5;4;9853;1;116.0;3;38;3;8;110.4;0;1;0;0;21;6;9;5;12.6;-0.8
1;7;2;9500;3;140.0;37;38;9;9;138.0;0;1;1;0;28;7;7;7;14.114285714285714;0.3
1;18;6;9500;1;144.0;1;1;3;6;130.8;0;1;0;0;18;8;11;7;12.771428571428572;3.7
1;1;3;9500;1;133.1;38;19;7;9;115.5;0;1;1;1;20;8;8;7;13.024285714285714;1.4
1;44;1;9238;39;130.0;19;1;9;9;131.9;0;1;0;1;21;6;7;6;12.0;-0.3
1;1;1;9238;1;122.0;1;19;4;4;127.3;1;1;0;0;20;6;6;6;12.166666666666666;-0.8
1;1;1;9773;1;126.0;37;38;7;7;119.0;0;1;0;1;18;6;6;6;12.166666666666666;2.8
1;39;2;9556;1;130.0;19;19;4;5;100.0;0;1;1;1;25;7;7;2;10.0;2.8
1;17;1;9238;1;136.0;37;37;7;7;140.9;0;1;1;0;18;6;10;4;12.0;-0.8
1;1;1;9085;1;133.0;1;37;4;10;143.2;0;1;0;0;19;5;7;5;14.4;2.6
1;1;1;9147;1;123.0;1;19;4;5;117.8;0;1;1;0;20;5;9;5;12.0;1.4
1;1;1;9238;1;120.0;19;38;5;9;130.2;0;1;0;1;18;6;8;6;11.285714285714286;0.5
1;1;1;9773;1;121.0;1;3;3;7;113.0;0;1;1;1;18;6;7;6;11.666666666666666;0.5
1;10;1;9773;1;151.0;38;37;0;5;151.0;0;1;0;0;18;6;12;0;0.0;-0.8
1;43;5;8014;1;110.0;34;34;0;0;110.0;0;1;1;0;37;6;12;0;0.0;2.6
1;17;1;9500;1;145.0;3;3;2;3;141.8;0;1;0;0;19;8;8;8;13.3475;-0.8
1;44;1;9147;39;130.0;19;1;9;3;130.0;0;1;0;1;20;7;8;7;13.0;0.6
1;1;1;9773;1;121.0;19;1;7;9;117.9;0;1;0;0;19;6;7;6;12.833333333333334;0.6
2;43;1;9991;1;110.0;37;37;9;9;132.5;0;1;1;0;37;12;13;12;12.25;-0.8
1;1;2;9500;1;133.0;19;1;9;1;122.2;0;1;0;0;20;7;9;6;12.783333333333331;-0.3
2;43;1;9670;1;120.0;34;34;0;0;128.2;0;1;1;0;35;5;5;0;0.0;-0.8
1;44;1;9130;39;140.0;19;19;5;5;140.0;1;0;0;0;20;6;11;3;12.0;0.5
2;53;1;9147;42;130.0;19;19;175;152;132.4;0;1;0;0;30;11;20;9;12.22222222222222;1.4
5;39;1;9003;1;180.0;1;1;4;8;179.6;1;0;0;0;27;6;6;0;0.0;1.4
1;1;1;9670;1;133.1;3;1;1;7;155.0;0;1;0;0;22;5;6;3;11.333333333333334;-0.8
1;17;1;9238;1;132.0;1;19;4;9;127.1;0;1;0;0;19;6;7;6;12.857142857142858;-0.3
1;10;1;9254;1;115.0;3;1;9;9;116.1;0;1;0;0;19;6;6;6;13.5;0.5
1;17;1;9238;1;137.0;38;19;152;171;131.1;0;1;0;1;18;6;8;6;12.833333333333334;1.4
1;1;1;9130;1;117.0;1;1;9;9;109.3;0;1;0;0;20;5;10;4;12.5;3.7
1;1;3;9500;1;150.0;19;19;5;5;132.8;0;1;0;1;18;8;8;8;13.01125;-0.8
1;17;2;9500;1;146.0;3;3;3;6;133.4;0;1;0;0;18;7;8;7;12.5;-0.3
1;1;5;9773;1;135.0;37;1;5;5;124.9;0;1;0;0;18;6;6;6;13.666666666666666;1.4
1;18;1;9500;1;178.0;19;1;4;8;174.7;0;1;0;0;18;7;8;7;17.125;-0.3
1;1;1;9147;1;135.0;1;38;5;5;122.4;1;1;0;0;19;5;10;5;10.875;-0.3
1;42;1;9119;1;130.0;19;37;9;3;135.0;1;1;1;0;25;5;5;0;0.0;-0.3
1;1;2;9085;1;125.0;37;19;90;90;137.3;0;1;1;0;18;6;0;0;0.0;2.6
1;43;1;9500;1;120.0;3;4;2;4;120.6;0;1;1;0;18;7;12;4;12.65;0.3
1;18;1;9670;1;140.0;1;37;9;9;130.2;0;1;1;0;22;6;11;4;13.0;3.7
2;39;1;9556;1;160.0;37;37;9;6;120.0;0;1;0;0;31;7;21;5;10.9;3.7
2;1;1;9147;1;151.0;38;37;9;8;132.1;0;1;0;0;34;5;7;2;10.0;2.6
1;1;1;9130;1;143.0;3;3;2;10;141.3;1;0;0;0;23;6;10;6;14.0;0.6
1;18;4;9147;1;130.0;37;37;9;9;119.9;0;0;0;0;34;5;5;0;0.0;-0.8
1;1;2;9147;1;125.0;1;19;4;9;124.0;0;1;0;0;19;5;5;5;11.2;1.4
1;44;1;9003;39;130.0;1;3;9;2;130.0;1;0;1;0;23;6;12;2;11.333333333333334;-0.3
1;1;3;9773;1;123.0;1;1;4;7;125.1;1;1;1;1;18;6;6;6;14.333333333333334;0.6
1;1;1;9670;1;115.0;1;1;5;4;108.0;0;1;0;1;20;6;9;5;13.0;0.5
1;39;1;9085;1;133.1;19;19;7;7;130.0;0;1;0;0;24;6;7;6;14.857142857142858;-0.3
1;1;1;171;1;136.0;3;37;2;8;121.7;0;1;0;0;18;0;0;0;0.0;-0.8
1;1;4;9773;1;132.0;12;12;90;4;129.9;0;1;0;0;18;6;6;6;12.666666666666666;2.6
1;18;1;9500;1;128.0;19;1;9;4;125.8;0;1;0;1;20;8;8;0;0.0;-0.8
1;1;4;9500;1;133.0;38;19;8;7;127.3;0;1;0;0;18;8;8;7;12.628571428571428;3.7
2;43;1;9991;3;130.0;37;37;9;9;130.0;0;1;0;0;41;10;11;10;14.3;3.7
2;39;1;8014;1;120.0;34;34;0;0;104.0;0;1;0;0;54;6;8;4;12.75;2.6
1;44;1;9085;39;150.0;3;19;2;4;150.0;0;1;0;0;22;6;9;6;13.0;0.5
1;39;2;8014;1;100.0;35;37;90;90;100.0;0;1;0;0;41;6;10;4;13.5;2.6
1;39;1;9085;19;133.1;19;19;9;7;140.0;1;0;0;0;24;6;11;3;11.75;0.3
2;44;1;8014;39;150.0;1;1;5;5;154.0;0;1;1;0;37;16;17;16;14.125;0.5
1;1;5;9500;1;127.0;19;19;7;8;120.3;0;1;0;1;18;8;8;7;12.694285714285714;1.4
1;17;1;9254;1;122.0;1;19;4;3;130.4;0;1;0;0;18;6;10;5;11.8;0.6
1;1;1;9238;1;132.0;1;38;9;7;127.1;0;1;0;1;20;6;9;6;12.333333333333334;1.4
1;1;1;9254;1;131.0;37;19;9;9;134.5;0;1;1;0;25;6;8;6;13.166666666666666;2.6
1;1;1;9254;1;115.0;19;1;3;7;113.6;0;1;1;0;23;6;10;6;13.0;0.6
1;44;1;171;39;110.0;1;1;1;7;114.2;0;1;1;0;19;0;0;0;0.0;0.5
4;39;1;9991;1;130.0;38;19;9;7;148.0;0;1;0;1;31;5;11;4;11.25;-0.3
1;7;1;9003;3;130.0;3;3;6;2;130.0;0;1;1;0;29;6;10;6;17.11111111111111;-0.3
1;1;2;171;1;152.0;38;19;9;9;151.7;0;1;0;1;24;0;0;0;0.0;0.6
2;42;1;9991;6;123.0;37;37;9;9;123.0;0;1;1;0;37;5;10;5;15.8;-0.8
1;17;1;9003;1;131.0;19;1;9;2;134.5;0;1;0;1;19;6;7;6;15.0;0.5
1;7;1;9147;40;110.0;37;37;9;9;110.0;0;1;0;0;52;15;26;14;10.466666666666669;-0.3
1;1;6;9500;1;143.0;19;19;9;9;127.0;0;1;0;1;18;8;8;7;13.585714285714284;3.7
1;39;1;9500;40;130.0;37;37;9;7;130.0;0;1;0;0;27;8;12;7;12.457142857142856;3.7
1;17;1;9085;1;134.0;19;19;1;1;120.4;0;1;1;0;18;6;10;6;14.7;0.3
1;17;1;9085;1;137.0;1;1;4;7;134.6;0;1;1;0;22;6;16;0;0.0;0.3
1;1;1;9853;1;153.0;19;37;9;9;153.7;0;1;0;1;18;6;8;6;13.142857142857142;2.8
2;39;1;9003;1;133.1;19;19;4;4;107.5;0;0;0;0;35;6;0;0;0.0;2.8
2;39;1;9119;1;120.0;34;34;0;0;140.0;0;1;1;0;33;5;14;1;18.0;-0.8
1;17;1;9670;1;123.0;37;38;3;3;122.0;1;1;1;0;19;6;7;6;13.166666666666666;1.4
1;39;1;33;1;100.0;38;37;9;8;100.0;1;0;1;0;35;7;18;3;11.25;0.3
1;17;1;9254;1;134.0;19;1;9;4;124.9;0;1;0;0;19;6;11;3;12.0;2.6
1;42;1;9254;1;154.0;38;37;1;1;154.0;0;1;0;0;28;14;22;12;12.333333333333334;-0.8
1;43;1;9500;1;140.0;19;38;9;7;125.7;0;1;1;1;19;7;8;5;11.2;2.6
1;17;1;9085;1;163.0;37;37;9;9;150.8;0;1;0;0;19;6;13;6;16.0;2.8
1;17;3;9238;1;118.0;1;19;4;10;112.4;0;1;0;0;19;6;10;5;11.285714285714286;0.3
1;1;1;9670;1;120.0;38;19;4;8;115.1;0;1;0;0;19;6;8;3;11.666666666666666;1.4
1;44;1;9085;39;120.0;37;37;9;9;120.0;1;1;0;0;32;6;14;4;11.5;0.3
1;39;1;9254;1;160.0;19;37;7;10;100.0;0;1;1;0;26;6;7;6;12.0;3.7
1;1;1;9773;1;170.0;1;19;9;7;155.0;0;1;1;1;18;6;6;6;15.5;0.6
1;15;1;9556;1;114.0;3;19;122;144;114.0;0;1;0;0;20;7;14;0;0.0;1.4
1;1;1;9130;1;140.0;9;19;4;4;131.2;0;1;1;1;26;5;9;0;0.0;2.6
1;16;2;9238;1;126.0;38;37;3;5;127.1;0;1;0;1;19;6;14;3;12.666666666666666;-0.8
1;1;1;9119;1;131.0;3;1;4;1;135.9;0;1;1;0;18;5;10;2;14.0;2.6
1;1;1;9085;1;126.0;1;1;9;9;127.4;0;1;0;0;19;6;13;6;15.23076923076923;2.8
1;7;1;9070;3;120.0;4;4;2;2;120.0;0;1;1;0;28;6;9;2;12.0;3.7
3;39;1;9003;1;170.0;1;37;6;6;170.0;1;1;0;0;47;1;1;0;0.0;1.4
1;1;2;9254;1;127.0;3;19;3;10;130.9;0;1;0;0;18;6;8;6;11.333333333333334;-0.8
1;1;5;9670;1;116.0;19;38;9;9;119.5;0;0;0;0;18;6;0;0;0.0;1.4
1;39;1;9119;3;130.0;3;3;3;10;147.6;0;1;1;0;31;5;0;0;0.0;1.4
1;51;1;9991;42;110.0;19;37;5;9;128.2;0;0;0;0;22;12;12;7;11.0;1.4
1;1;2;9500;1;126.0;1;38;4;7;124.3;0;1;0;1;20;8;8;8;12.98125;-0.8
1;1;2;9147;1;116.0;37;1;5;3;124.8;0;1;1;0;20;5;9;2;14.333333333333334;2.6
1;1;1;9500;1;131.0;19;19;4;4;122.0;0;1;0;0;20;8;8;7;14.014285714285714;3.7
1;1;6;9853;1;114.0;19;19;9;9;110.2;0;1;1;0;20;6;8;5;12.2;1.4
1;39;1;9003;1;133.1;1;37;4;7;110.0;0;1;1;0;31;6;15;3;14.4;0.3
1;42;1;9119;1;120.0;5;5;2;2;115.0;0;1;1;0;30;6;9;2;15.0;2.8
2;39;1;9991;1;100.0;37;37;9;9;125.3;0;1;1;0;41;5;8;4;11.25;2.6
1;1;1;9085;1;121.0;37;38;6;9;121.0;0;1;0;0;19;5;9;4;13.75;2.6
1;1;2;9773;1;144.0;3;3;3;2;140.2;0;1;0;0;20;6;0;0;0.0;0.3
1;39;1;9130;19;133.1;37;37;9;10;156.4;1;1;1;0;44;6;9;5;11.571428571428571;-0.3
1;17;6;9500;1;147.0;1;38;4;8;141.1;0;1;0;0;20;7;9;6;13.0;-0.3
1;1;1;9238;1;135.0;38;38;4;7;121.7;0;1;0;1;18;6;14;0;0.0;2.6
1;1;1;9773;1;156.0;19;1;5;10;136.8;0;1;0;0;18;6;6;6;14.0;0.6
1;17;1;9853;1;138.0;38;38;7;6;124.7;0;1;0;0;18;6;11;3;12.333333333333334;-0.8
1;1;4;9500;1;136.0;1;1;9;9;123.8;0;1;0;1;19;8;8;7;13.314285714285717;3.7
1;1;1;9003;1;133.1;38;38;4;8;115.0;1;1;1;0;21;12;13;12;14.538461538461538;2.8
1;39;1;9238;9;133.1;34;34;0;0;118.0;0;1;0;0;47;6;12;0;0.0;2.6
1;51;1;8014;42;140.0;19;37;134;193;138.0;1;1;0;1;21;13;13;11;12.727272727272728;1.4
1;1;1;9238;1;133.0;34;37;5;5;120.4;0;0;0;0;21;6;12;2;11.5;-0.8
1;1;1;9773;1;144.0;37;37;8;8;138.4;0;1;0;0;18;6;7;6;13.428571428571429;-0.3
1;1;1;9130;1;130.0;3;19;4;8;133.0;0;1;0;0;19;6;6;6;14.666666666666666;0.5
1;1;3;9238;1;137.0;1;1;9;9;129.3;0;1;0;1;21;6;8;6;13.875;0.3
2;39;1;9556;1;100.0;37;37;9;9;120.0;0;1;0;0;47;7;16;6;12.514285714285716;3.7
1;1;4;9500;1;126.0;19;19;9;9;125.0;0;1;0;0;19;7;8;6;11.658333333333331;0.5
1;17;4;9500;1;136.0;3;3;2;2;132.5;0;1;0;0;19;7;8;7;13.198571428571428;0.6
1;17;1;9085;1;130.0;19;1;9;4;101.3;0;1;1;0;20;6;12;4;12.8;0.5
1;1;1;9147;1;117.0;38;19;5;7;118.1;0;1;1;0;19;5;6;5;11.2;0.5
1;1;1;171;1;127.0;1;1;4;3;126.3;1;1;1;0;21;0;0;0;0.0;0.3
1;42;1;9085;1;100.0;1;38;4;9;100.0;0;1;0;1;20;2;2;2;12.0;-0.3
1;1;1;9500;1;143.0;3;19;3;10;126.8;0;1;1;0;19;8;8;7;14.535714285714286;1.4
2;39;1;9130;1;130.0;37;37;9;6;160.0;0;1;1;0;31;6;11;2;12.0;0.3
1;43;3;9254;1;110.0;37;37;9;9;107.2;0;1;1;0;19;6;16;2;10.5;2.6
1;44;1;9130;39;120.0;37;37;7;8;120.0;1;0;0;0;19;6;7;5;11.6;0.5
2;39;1;9670;1;150.0;37;19;9;4;135.6;0;1;0;1;43;6;8;5;11.0;0.5
1;42;1;9853;12;133.1;1;3;3;2;133.7;0;1;0;0;28;18;23;14;12.785714285714286;0.3
1;17;2;9773;1;150.0;1;1;4;5;130.8;0;1;1;0;20;6;15;2;12.0;1.4
1;1;1;171;1;133.1;38;37;5;5;136.0;0;1;1;0;22;0;0;0;0.0;3.7
1;43;1;33;19;133.1;38;38;4;4;140.0;1;1;1;0;35;10;18;6;12.666666666666666;0.3
1;18;1;9147;1;128.0;19;19;9;5;121.7;0;1;0;0;19;5;8;5;11.0;0.5
2;39;1;9500;3;130.0;1;1;4;6;126.0;0;1;1;0;32;7;7;7;13.62857142857143;-0.3
2;39;1;9500;1;133.1;37;37;9;9;109.0;0;1;0;0;39;7;8;5;12.16;2.6
1;44;1;9070;39;130.0;1;1;9;9;131.8;0;1;1;1;22;7;7;7;12.285714285714286;0.5
1;17;2;9254;1;143.0;1;19;4;6;135.0;0;1;0;0;20;6;0;0;0.0;0.6
1;1;1;9238;1;132.0;34;34;0;0;119.1;0;1;0;0;18;6;9;4;11.0;2.6
1;1;4;9773;1;124.0;19;37;99;90;124.0;0;0;0;0;18;4;4;0;0.0;3.7
1;1;1;9238;1;142.0;1;37;5;7;128.0;0;1;0;1;19;6;8;6;12.25;0.3
1;17;1;9238;1;134.0;38;19;7;7;124.2;0;1;0;1;21;6;11;4;11.25;2.8
1;7;1;9500;3;140.0;37;37;4;4;140.0;0;1;0;0;25;8;8;7;14.805714285714286;1.4
1;7;1;9130;2;133.1;42;1;4;9;100.0;0;1;1;0;35;7;8;0;0.0;1.4
1;1;1;9670;1;119.0;1;19;4;10;115.5;0;1;0;0;19;6;8;4;11.0;1.4
1;1;3;9085;1;131.0;37;19;9;8;136.3;1;0;0;0;18;5;7;3;13.0;2.6
1;39;1;9500;19;133.1;37;38;151;161;143.7;0;1;0;0;27;7;12;4;14.0;0.5
1;1;1;9500;1;130.0;1;38;1;7;120.0;0;1;0;0;19;7;7;6;14.566666666666668;2.6
1;1;1;9500;1;133.0;38;38;5;5;123.2;0;1;0;0;18;7;7;7;13.285714285714286;0.3
1;1;1;9130;1;126.0;19;1;9;9;122.5;0;0;0;0;25;5;14;4;13.5;-0.8
4;39;1;9500;19;110.0;37;38;5;5;151.0;1;0;1;0;47;7;7;0;0.0;2.8
1;1;2;171;1;135.0;19;19;4;7;149.0;0;1;1;0;22;17;21;17;12.578947368421051;0.6
1;1;5;9254;1;126.0;19;19;4;7;116.6;0;1;0;0;19;6;9;5;11.6;-0.3
1;1;1;9500;1;118.0;1;19;9;10;113.1;0;1;0;0;19;7;7;7;13.79857142857143;0.6
1;1;3;9556;1;132.0;38;37;7;7;119.0;0;1;0;0;19;7;9;7;11.677777777777775;3.7
1;1;1;9147;1;150.0;37;37;9;6;138.5;0;1;0;1;18;5;5;5;14.0;0.5
1;18;2;9500;1;129.0;38;37;5;5;119.0;0;1;0;1;19;8;8;7;12.342857142857143;1.4
1;1;1;9500;1;149.0;37;37;9;9;136.0;0;1;0;1;18;7;7;6;12.916666666666666;2.6
1;1;5;9500;1;146.0;19;37;7;7;133.8;0;1;0;0;19;8;9;8;13.2325;-0.8
2;39;1;8014;1;130.0;37;37;9;6;110.0;0;1;0;0;33;6;7;6;11.0;-0.8
1;39;1;9070;1;130.0;1;19;4;4;110.0;0;1;0;0;24;6;6;6;15.166666666666666;2.8
1;1;1;9670;1;127.0;1;37;4;9;128.1;0;1;1;0;19;5;8;4;12.5;2.6
1;17;1;9130;1;131.0;19;9;5;3;118.4;0;1;0;0;19;5;8;3;12.0;2.6
1;1;1;9147;1;126.0;19;19;9;9;115.2;1;1;0;0;19;5;13;1;10.0;0.5
1;43;1;9147;1;123.0;37;37;9;9;106.2;0;1;0;0;49;13;22;10;10.4;3.7
1;1;1;9773;1;141.0;38;38;9;9;128.4;0;1;0;0;18;6;6;6;15.5;0.6
1;43;1;9238;39;120.0;2;1;1;2;118.6;0;1;1;0;21;11;14;10;12.4;-0.3
1;17;1;9130;1;130.0;1;1;4;5;123.8;0;1;0;0;18;5;7;4;12.0;2.6
2;39;1;9070;12;110.0;37;38;5;10;130.0;1;0;1;1;46;6;6;0;0.0;2.8
1;1;3;9773;1;117.0;38;19;7;7;110.4;1;0;0;0;19;6;7;6;12.166666666666666;0.3
1;44;1;9003;39;140.0;2;1;4;6;140.0;0;1;1;0;21;6;12;5;12.142857142857142;-0.3
1;1;4;9500;1;148.0;1;37;4;8;132.0;0;1;0;0;18;7;7;6;13.45;2.6
2;39;1;9991;1;160.0;37;37;9;9;160.0;0;1;0;0;35;5;5;5;11.6;2.8
1;1;1;9853;1;133.0;37;19;7;7;126.7;0;1;0;0;18;6;9;5;11.833333333333334;2.8
1;1;2;9254;1;120.0;37;37;9;9;115.1;0;0;1;0;21;6;11;3;11.0;-0.8
1;1;1;9773;1;121.0;3;3;2;2;112.3;1;0;0;0;18;6;7;5;12.2;0.6
1;44;1;9119;39;130.0;38;19;9;5;130.0;0;1;1;0;19;5;9;2;12.5;0.5
1;17;1;9853;1;127.0;38;37;5;7;121.8;1;1;0;0;18;6;12;4;13.5;1.4
1;44;1;9003;1;140.0;1;19;3;9;140.0;1;0;0;0;23;6;13;5;11.6;0.5
1;1;1;9147;1;133.1;19;19;9;9;119.0;0;0;0;1;19;5;7;3;10.666666666666666;1.4
1;39;1;9003;19;133.1;37;37;9;9;100.0;0;1;0;0;60;6;10;6;12.75;-0.3
1;43;1;9853;1;140.0;3;1;3;3;128.3;0;1;0;0;35;21;21;21;12.61904761904762;0.5
1;17;2;9147;1;125.0;38;38;6;8;114.5;0;1;0;1;19;5;6;5;13.4;0.5
1;39;1;9130;1;133.1;3;34;3;0;120.0;1;0;1;0;29;5;11;0;0.0;-0.8
1;1;3;9085;1;130.0;1;19;9;9;121.3;0;1;0;1;19;5;6;5;14.6;1.4
1;43;1;9991;1;120.0;37;37;9;8;122.5;0;1;0;0;29;13;16;8;10.5;-0.8
5;17;5;9500;1;143.0;37;38;5;8;133.5;0;1;0;1;18;8;8;7;12.114285714285714;3.7
1;1;4;9670;1;125.0;1;38;4;7;114.9;0;1;0;1;19;6;8;6;13.375;0.6
2;39;1;9991;1;120.0;37;19;5;3;156.0;0;1;1;0;33;5;5;5;14.2;1.4
1;39;1;9085;1;133.1;1;19;9;9;162.3;0;1;0;0;24;6;10;2;11.0;1.4
1;1;1;9670;1;143.0;3;38;2;9;144.1;0;1;0;0;19;6;7;5;12.6;1.4
1;1;1;171;1;150.0;3;3;2;5;154.6;0;1;0;0;19;12;13;12;12.333333333333334;1.4
1;1;1;9500;1;129.0;19;19;5;5;119.6;0;1;0;1;20;7;8;7;14.00375;2.8
1;1;4;9500;1;136.0;19;38;4;8;125.5;0;1;0;1;21;7;7;6;14.033333333333331;2.6
1;43;1;9130;1;100.0;3;4;3;2;100.0;0;1;0;0;19;5;10;5;14.857142857142858;-0.8
1;17;4;9070;1;128.0;1;1;9;10;136.1;1;0;1;0;19;6;6;6;12.666666666666666;0.6
1;1;1;171;1;136.0;3;3;1;2;152.5;0;1;0;0;20;0;0;0;0.0;-0.3
1;44;1;9003;39;150.0;37;38;4;8;150.0;0;1;0;1;21;6;9;6;12.666666666666666;-0.3
1;17;5;9119;1;118.0;1;19;9;9;120.5;0;1;1;0;20;5;10;3;13.333333333333334;0.5
1;39;1;9085;1;133.1;3;19;2;9;110.0;0;1;0;0;28;6;15;4;12.0;0.6
1;39;1;9991;1;133.1;19;38;7;4;125.7;0;1;0;0;26;5;9;2;12.0;1.4
1;17;1;9991;1;154.0;38;38;4;5;134.1;0;1;0;0;24;5;9;2;11.5;2.6
5;39;1;9853;19;133.1;37;37;9;8;118.0;0;1;0;0;27;7;14;6;11.666666666666666;0.5
1;17;2;9853;1;123.0;1;1;3;9;116.7;0;1;0;0;19;6;8;5;13.0;-0.8
1;44;1;9238;39;140.0;19;19;8;8;144.3;0;1;0;1;19;6;7;6;13.142857142857142;0.5
1;44;1;9003;39;150.0;3;19;2;6;150.0;0;1;1;0;20;6;6;0;0.0;2.8
1;1;6;9500;1;150.0;37;38;9;9;131.5;0;1;0;1;19;8;8;7;12.657142857142857;3.7
1;17;5;9238;1;134.0;38;37;9;9;126.0;1;0;0;0;21;6;10;5;11.833333333333334;-0.3
1;1;1;9500;1;138.0;38;19;9;5;144.3;0;1;0;0;20;7;9;6;12.7;-0.3
1;1;1;9500;1;117.0;3;1;3;3;113.2;0;1;0;0;18;7;10;6;11.98;0.3
1;17;1;9238;1;153.0;38;38;7;7;159.7;0;1;0;1;18;6;7;6;15.142857142857142;3.7
1;1;1;9773;1;128.0;1;19;4;4;124.5;0;1;1;1;19;6;10;4;14.0;-0.8
2;39;1;9500;19;133.1;37;38;9;7;100.5;0;1;1;0;43;8;8;7;11.635714285714286;1.4
1;39;1;9003;1;150.0;37;19;6;4;137.0;0;1;1;0;35;6;7;5;12.8;2.8
1;39;1;9500;1;133.1;37;37;7;7;124.5;0;0;1;0;38;7;11;5;12.18;0.6
1;1;4;9500;1;128.0;19;1;4;4;124.3;0;1;1;0;19;8;8;7;12.665714285714284;1.4
1;1;1;9254;1;121.0;1;1;5;4;111.9;0;0;1;0;20;6;14;2;10.5;1.4
1;51;1;9070;1;130.0;19;19;5;7;124.5;0;1;0;1;20;11;11;11;13.818181818181818;0.6
1;39;1;9670;1;133.1;37;37;90;90;97.4;1;0;1;0;44;6;9;1;14.0;3.7
1;1;4;9147;1;126.0;1;19;4;8;120.1;0;1;0;0;19;5;7;5;12.4;1.4
1;1;6;9500;1;122.0;1;1;3;7;114.3;0;1;1;0;18;7;8;6;13.976666666666668;0.6
2;39;1;9773;19;133.1;37;37;6;6;162.0;1;1;1;1;49;6;8;6;12.285714285714286;1.4
1;1;5;9500;1;139.0;38;37;7;7;126.3;0;1;0;1;18;8;8;8;13.435;-0.8
1;1;1;9238;1;106.0;1;1;3;3;105.0;0;1;1;0;20;6;9;5;11.0;0.6
1;1;3;9773;1;153.0;3;1;2;8;137.6;0;1;0;0;18;6;6;6;16.0;0.5
5;39;1;9991;1;120.0;37;37;9;9;138.1;0;1;1;1;37;5;8;5;13.0;0.3
1;1;1;9773;1;120.0;36;37;0;0;126.7;0;1;1;0;20;6;9;5;12.6;2.6
1;44;1;9070;39;120.0;19;1;9;3;120.0;0;1;1;0;23;7;8;5;12.2;0.3
6;39;1;9991;12;130.0;37;37;90;90;119.0;0;0;1;0;55;5;5;0;0.0;2.6
1;1;1;9130;1;132.0;3;1;4;9;121.9;0;1;0;0;18;6;8;6;14.5;-0.3
1;16;1;171;1;122.0;19;37;9;7;133.9;0;1;1;0;25;13;16;10;11.454545454545457;0.5
1;1;6;9773;1;133.1;1;37;3;3;100.0;1;0;0;0;20;4;4;0;0.0;0.5
1;1;1;9254;1;133.1;38;1;9;9;121.0;1;0;1;0;21;6;9;5;11.833333333333334;1.4
1;1;1;9070;1;133.1;19;19;7;7;117.0;0;1;0;0;20;6;0;0;0.0;2.8
2;43;1;9991;1;130.0;37;37;9;9;128.2;0;1;0;0;34;8;9;3;11.0;-0.8
1;1;3;9773;1;130.0;19;19;5;5;157.0;0;0;0;0;18;6;0;0;0.0;-0.3
1;17;1;9003;1;126.0;37;3;5;2;116.9;0;1;1;0;19;6;10;6;13.666666666666666;-0.3
1;18;6;9500;1;126.0;37;37;5;5;122.8;0;1;0;0;18;8;8;8;12.93375;-0.8
1;17;2;9147;1;116.0;1;38;4;3;114.6;0;1;0;0;19;5;15;2;10.75;-0.3
1;1;1;9147;1;133.0;38;38;7;7;147.0;0;1;0;1;18;5;7;4;13.0;-0.8
1;1;1;9070;1;136.0;1;38;4;5;132.2;1;1;0;0;19;6;6;6;13.833333333333334;1.4
1;1;3;9773;1;135.0;3;1;2;4;129.8;0;1;1;0;20;6;6;5;12.8;2.8
2;39;1;9003;1;120.0;37;37;9;9;155.8;0;1;1;0;29;6;9;6;16.11111111111111;-0.3
1;1;3;9085;1;138.0;1;1;4;8;128.7;0;1;0;0;18;6;7;6;14.666666666666666;1.4
1;53;1;9070;42;130.0;40;19;3;5;130.0;0;0;0;1;22;6;8;6;11.0;1.4
1;39;1;9147;1;140.0;12;3;4;3;118.0;0;1;0;0;24;5;5;0;0.0;2.6
2;2;1;9147;2;120.0;37;37;9;9;120.0;0;0;1;0;57;15;17;12;11.75;-0.8
1;1;1;9500;1;140.0;38;37;9;7;130.0;0;1;1;1;18;7;7;6;13.183333333333332;2.6
1;17;1;9254;1;119.0;37;37;5;4;118.0;0;1;1;0;19;6;13;2;10.5;1.4
1;39;1;9991;1;130.0;1;1;4;10;115.2;0;1;1;0;24;5;5;4;12.0;0.5
1;17;2;9500;1;129.0;38;19;5;7;124.0;0;1;0;1;18;8;8;7;14.312857142857142;1.4
1;51;1;9147;1;135.0;1;1;4;4;118.5;0;1;0;0;25;5;12;2;10.5;0.6
1;1;1;171;1;174.0;5;3;3;3;157.9;0;1;0;0;18;0;0;0;0.0;-0.3
1;1;1;9500;1;118.0;38;38;7;7;115.2;0;1;0;0;19;7;9;6;12.97166666666667;0.6
1;17;3;9500;1;138.0;3;3;4;5;130.0;0;1;0;0;18;7;8;7;14.85;-0.3
1;7;1;9085;40;140.0;5;3;2;2;140.0;1;1;1;0;27;13;13;8;13.5;0.6
1;18;6;9500;1;124.0;37;37;9;7;117.8;0;1;0;1;20;8;8;7;12.791428571428572;1.4
1;17;4;9238;1;124.0;19;19;5;8;117.7;0;1;0;0;18;6;10;5;12.0;0.3
2;39;1;9500;1;130.0;37;37;191;183;163.7;0;1;0;0;35;7;11;5;13.34;0.5
1;1;1;9085;1;151.0;3;3;1;90;161.9;0;1;0;0;18;5;6;4;13.75;2.6
1;44;1;9003;39;140.0;19;38;9;10;140.0;0;1;1;0;19;6;15;3;13.25;-0.3
1;39;1;9130;1;133.1;1;1;90;1;120.0;1;0;1;0;41;5;5;0;0.0;3.7
1;18;2;9853;1;111.0;38;38;191;171;105.8;0;1;0;0;19;7;7;7;13.142857142857142;1.4
1;43;1;9003;1;120.0;37;37;5;9;120.0;0;1;1;0;39;6;8;0;0.0;0.3
1;17;2;9500;1;131.0;19;37;9;7;129.8;0;1;0;0;20;7;8;6;14.37;0.5
1;44;1;9130;39;130.0;38;19;9;9;150.0;0;1;1;0;24;6;8;4;11.75;0.6
1;17;3;9670;1;110.0;19;1;4;4;107.5;0;1;0;1;18;6;11;4;12.25;3.7
1;43;1;9500;1;128.0;1;19;9;8;100.0;0;1;0;0;20;7;8;7;13.1;-0.3
1;17;1;9147;1;122.0;19;19;4;6;119.9;0;1;0;1;21;5;6;5;11.4;3.7
1;39;1;9670;1;120.0;34;34;0;0;106.0;0;0;1;0;28;5;7;3;11.666666666666666;2.6
1;1;1;171;1;131.0;1;1;7;4;127.2;1;1;1;0;23;17;19;13;12.153846153846152;0.6
1;44;1;9130;39;150.0;37;37;6;6;150.0;0;1;1;0;22;5;7;4;14.5;1.4
1;44;1;9003;39;150.0;3;2;2;2;150.0;0;1;1;0;25;14;16;14;12.428571428571429;2.8
2;7;1;9238;3;130.0;37;19;4;5;130.0;0;1;0;0;38;6;17;4;13.75;0.3
4;39;1;9500;19;133.1;37;37;5;7;100.0;0;0;0;0;40;8;11;5;11.832;-0.8
1;1;5;9500;1;122.0;37;3;9;2;116.8;0;1;0;0;20;7;8;6;13.271428571428572;-0.3
1;1;1;9070;1;141.0;37;37;9;9;126.7;1;1;0;1;20;6;9;6;13.333333333333334;3.7
1;17;1;9773;1;120.0;37;37;5;5;125.3;0;1;0;0;18;6;9;6;12.5;2.6
1;43;1;8014;12;133.1;37;1;9;10;112.5;0;1;1;0;50;13;13;6;11.333333333333334;0.3
1;1;1;9853;1;121.0;37;19;6;7;116.8;0;1;0;0;18;6;11;3;11.666666666666666;-0.8
1;44;1;9085;39;150.0;38;1;5;5;150.0;0;1;0;0;20;5;10;2;14.5;3.7
1;44;1;9085;39;150.0;19;19;9;9;150.0;0;1;0;0;23;6;14;5;14.428571428571429;0.3
1;1;1;9500;1;150.0;19;1;4;4;137.8;0;1;0;0;18;7;10;7;15.145;2.8
2;39;1;9991;1;120.0;37;37;9;9;119.9;0;1;0;0;50;5;9;2;10.5;3.7
1;17;1;9147;1;136.0;1;1;4;4;124.1;0;1;0;0;18;5;8;5;12.4;1.4
1;1;1;9500;1;145.0;1;1;4;10;145.0;0;1;0;0;18;7;7;6;13.861666666666666;0.5
2;39;1;8014;1;120.0;34;34;99;99;101.8;0;0;0;0;32;5;5;0;0.0;1.4
1;44;1;9130;39;160.0;1;37;3;3;160.0;1;0;0;0;36;6;9;6;12.0;0.5
2;43;1;9003;1;133.1;37;37;9;7;136.0;0;1;1;0;41;19;19;19;12.68421052631579;2.8
4;39;1;9238;1;130.0;19;3;9;2;140.0;0;1;1;0;50;6;7;4;12.25;1.4
1;43;1;9670;1;139.0;3;19;3;5;120.8;0;1;0;0;19;6;0;0;0.0;2.8
1;1;6;9500;1;143.0;38;19;7;9;129.5;0;1;0;1;18;8;8;7;13.79857142857143;1.4
1;1;1;9085;1;142.0;1;1;9;9;127.7;0;1;1;0;19;5;9;5;12.6;3.7
1;17;1;9773;1;136.0;1;38;9;8;131.5;0;1;0;0;18;6;7;6;12.571428571428571;-0.3
1;39;1;8014;1;100.0;12;5;9;4;116.5;1;0;0;0;37;6;6;0;0.0;1.4
1;1;4;9670;1;128.0;38;38;3;7;121.0;0;1;0;0;19;6;8;6;13.5;0.6
1;1;1;9853;1;126.0;3;1;2;5;116.9;0;1;0;0;18;7;10;6;10.666666666666666;-0.3
1;43;1;9773;1;123.0;19;19;9;8;134.0;0;1;0;1;20;6;6;6;13.666666666666666;0.5
1;17;1;9670;1;109.0;1;1;4;4;108.0;0;1;1;0;19;5;10;0;0.0;2.6
1;1;6;9147;1;115.0;1;37;4;9;117.1;1;1;0;0;22;5;5;5;13.8;2.6
1;18;6;9500;1;142.0;38;37;9;5;128.0;0;0;0;0;19;7;14;0;0.0;0.6
2;39;1;9991;12;133.1;37;37;9;9;133.8;0;1;1;0;52;5;5;5;13.6;2.6
1;17;1;9254;1;102.0;37;37;7;7;102.0;0;1;0;0;19;6;8;5;11.8;1.4
1;1;1;9070;1;116.0;3;3;0;1;108.7;0;1;1;0;23;6;9;4;11.25;2.6
1;1;1;9500;1;140.0;1;19;9;9;128.8;0;1;1;0;18;7;7;6;13.391666666666666;0.5
1;1;2;9853;1;121.0;38;38;7;5;120.0;0;1;0;0;18;6;10;3;12.0;1.4
1;1;1;171;1;161.0;1;1;9;7;163.1;0;0;0;0;19;12;12;12;15.25;1.4
4;1;1;9991;1;130.0;37;37;9;9;118.1;1;0;0;0;37;5;0;0;0.0;3.7
1;7;1;9853;3;150.0;19;19;4;5;150.0;1;0;0;0;25;6;7;6;14.428571428571429;1.4
1;39;1;9003;1;133.1;19;37;9;7;110.0;0;1;1;0;31;6;8;0;0.0;0.3
1;17;3;9500;1;136.0;19;1;9;9;129.0;0;1;0;1;19;7;7;7;13.308571428571428;0.5
1;1;1;9500;1;145.0;19;19;9;7;136.6;0;1;0;1;19;7;12;6;13.766666666666666;2.8
1;1;1;171;1;159.0;3;3;2;2;165.7;0;1;1;0;18;0;0;0;0.0;-0.8
1;17;3;9254;1;127.0;12;38;5;7;116.9;1;1;0;0;18;6;7;5;12.2;0.5
1;51;1;9003;39;130.0;1;19;4;4;120.0;1;0;1;0;22;6;12;3;11.333333333333334;1.4
1;53;1;9085;42;170.0;1;19;4;7;170.0;0;1;0;0;20;11;13;11;15.692307692307692;1.4
1;39;1;9003;1;135.0;38;38;9;6;138.1;1;0;0;0;28;6;6;0;0.0;1.4
1;17;4;9254;1;130.0;19;1;5;5;130.0;0;1;1;0;18;6;7;4;11.0;0.3
1;17;1;9147;1;139.0;1;38;6;6;143.6;1;1;1;0;18;5;9;0;0.0;2.6
2;15;1;9773;1;133.1;37;37;9;6;100.0;0;1;0;0;59;6;8;6;12.166666666666666;0.6
1;1;1;9238;1;108.0;19;38;9;9;107.3;0;1;0;1;19;6;12;4;10.4;0.5
1;1;1;9070;1;148.0;1;1;4;8;141.4;0;1;1;0;19;6;0;0;0.0;2.8
1;18;2;9500;1;135.0;19;1;5;5;128.9;0;1;0;1;19;7;8;6;12.648333333333332;0.6
1;1;1;9085;1;119.0;2;1;4;3;113.1;0;1;0;0;21;5;6;5;12.2;1.4
1;1;1;9500;1;148.0;3;1;4;5;132.8;0;1;0;0;18;8;8;7;14.537142857142856;1.4
1;1;1;9773;1;150.0;1;1;4;4;138.1;0;1;0;0;19;6;7;6;14.0;0.6
1;1;1;9238;1;107.0;38;38;7;7;103.5;0;1;0;0;20;6;7;6;12.0;0.5
1;44;1;9003;39;140.0;37;37;9;4;140.0;0;1;1;0;20;6;12;3;11.5;0.5
1;42;1;9853;1;141.0;37;19;9;3;133.0;0;1;0;0;20;14;22;12;12.153846153846152;1.4
4;39;1;9130;1;140.0;37;37;6;7;150.0;0;1;1;0;34;6;9;0;0.0;0.3
1;43;1;9500;1;120.0;37;37;9;6;120.0;0;1;0;0;26;7;8;6;12.0;2.6
1;17;2;9853;1;112.0;19;38;5;7;107.1;0;1;0;1;18;7;8;7;12.142857142857142;0.6
1;17;1;9147;1;162.0;1;38;4;5;138.6;0;1;0;0;19;5;10;1;11.0;3.7
1;1;6;9500;1;141.0;1;37;4;3;126.8;0;1;0;0;18;7;7;7;13.44285714285714;0.3
1;51;1;9147;1;148.0;1;19;9;6;118.4;0;1;1;0;30;5;7;5;13.4;1.4
1;7;1;9003;3;140.0;39;39;9;4;140.0;0;1;1;0;50;6;8;2;13.5;2.8
1;17;5;9085;1;118.0;38;38;9;9;112.4;0;1;0;0;19;12;22;6;15.307692307692308;2.8
1;1;1;9773;1;135.0;37;38;9;6;122.1;0;1;1;0;18;6;6;6;13.833333333333334;3.7
1;1;4;9556;1;122.0;37;1;5;4;123.9;0;1;0;0;19;7;9;7;12.1625;-0.3
1;43;1;9773;1;132.0;38;19;9;9;125.0;0;1;1;1;20;6;6;6;12.333333333333334;0.5
1;17;3;9500;1;132.0;19;3;9;5;130.8;0;1;0;0;18;8;8;7;13.68142857142857;1.4
1;17;5;9119;1;124.0;4;12;2;9;119.5;0;1;1;0;20;5;5;5;14.8;1.4
1;43;1;9773;1;121.0;1;3;9;3;123.8;0;0;1;0;22;4;4;0;0.0;1.4
1;1;4;9238;1;118.0;19;38;9;9;110.0;0;1;0;1;18;6;7;6;12.285714285714286;0.5
1;18;1;9500;1;143.0;38;37;4;9;116.5;0;1;0;1;20;7;10;7;12.625;2.8
1;1;1;171;1;149.0;3;2;2;5;151.1;0;1;1;0;19;0;0;0;0.0;-0.8
1;17;6;9556;1;118.0;38;38;5;5;117.8;0;1;0;1;19;7;11;6;12.4;0.6
1;7;1;9003;3;140.0;3;19;2;10;140.0;0;0;1;0;35;6;10;5;15.2;2.8
1;39;1;9556;1;133.1;44;40;2;2;115.5;0;1;0;0;36;7;13;5;12.2;0.6
1;1;1;9085;1;149.0;38;37;5;5;137.1;0;1;0;1;18;5;7;4;13.25;1.4
2;39;1;9991;1;121.0;37;19;9;9;141.4;1;0;1;0;29;5;7;4;11.25;1.4
1;1;1;9070;1;124.0;37;37;9;9;125.4;0;1;1;0;19;6;6;6;13.5;-0.8
1;1;1;9238;1;116.0;38;38;9;6;116.4;0;1;0;0;18;6;6;6;13.166666666666666;1.4
2;39;1;9085;19;110.0;37;37;90;90;110.0;0;0;1;0;29;5;5;0;0.0;3.7
1;17;4;9853;1;140.0;19;38;4;1;128.5;0;1;0;0;18;6;7;6;11.666666666666666;1.4
1;1;1;9238;1;117.0;19;19;9;9;111.8;0;1;1;0;19;6;9;4;11.5;1.4
1;7;1;9085;40;130.0;1;1;4;4;130.0;0;1;0;0;22;6;7;6;17.0;0.6
1;51;1;9254;1;120.0;38;38;9;9;118.0;0;1;0;0;28;6;8;6;12.857142857142858;1.4
1;1;3;9773;1;150.0;19;38;4;4;146.5;0;1;0;1;20;6;6;6;13.5;0.6
1;1;3;9147;1;124.0;1;1;5;3;116.7;0;1;1;0;19;5;6;0;0.0;2.6
1;1;1;9085;1;135.0;3;2;1;1;133.6;0;0;0;0;22;5;12;4;14.6;-0.8
1;17;1;9085;1;128.0;38;19;8;8;117.2;0;1;1;0;20;5;7;5;14.6;3.7
1;1;1;9238;1;141.0;37;37;4;4;138.9;0;1;0;0;21;6;7;6;13.333333333333334;1.4
2;39;1;9991;1;150.0;37;37;9;7;122.5;0;1;1;0;47;5;9;4;11.5;2.6
1;17;1;9147;1;110.0;1;1;4;4;99.0;0;1;1;0;21;5;5;5;11.0;1.4
1;44;1;9070;39;120.0;1;19;5;8;119.8;0;1;1;0;21;7;7;2;12.0;0.5
1;1;1;9119;1;140.0;37;19;9;9;166.0;1;1;1;0;20;5;7;0;0.0;-0.8
1;1;1;9070;1;115.0;19;1;3;8;123.4;0;1;0;0;23;6;8;6;13.0;-0.3
1;17;2;9500;1;140.0;1;1;5;10;128.5;0;1;0;0;18;7;9;5;14.06;0.5
1;7;1;9500;3;140.0;3;1;4;4;140.0;0;1;0;0;26;7;0;0;0.0;-0.3
1;1;5;9500;1;141.0;38;38;9;9;142.3;0;1;0;0;18;8;8;8;12.82875;-0.8
1;17;5;9500;1;148.0;1;19;4;8;130.2;0;1;0;0;19;7;0;0;0.0;0.5
1;51;1;8014;2;110.0;19;38;9;10;110.0;0;1;1;0;42;12;12;11;14.454545454545457;0.6
1;1;6;9500;1;141.0;2;1;4;4;136.3;0;1;0;0;19;8;8;7;14.1;1.4
1;39;1;9003;1;130.0;19;19;9;1;140.0;0;1;0;0;26;12;13;6;13.0;2.8
1;1;3;9773;1;146.0;38;38;9;7;134.1;0;1;1;1;18;6;6;6;12.5;1.4
1;39;1;33;1;140.0;3;1;2;4;152.8;0;1;0;0;26;7;9;7;14.75;0.3
1;17;2;9085;1;120.0;1;1;9;10;115.0;0;0;0;0;20;5;8;2;10.5;2.6
1;1;2;9773;1;130.0;1;1;9;4;126.2;0;1;0;0;18;6;6;6;11.666666666666666;3.7
1;18;2;9500;1;135.0;38;37;9;5;125.3;0;1;0;1;18;8;8;7;11.785714285714286;3.7
1;17;1;9670;1;127.0;3;3;1;1;121.4;0;1;1;0;18;6;0;0;0.0;2.8
1;17;3;9254;1;127.0;37;37;9;6;123.5;0;1;0;1;20;6;11;4;11.5;2.6
1;1;1;9853;1;162.0;37;19;9;8;142.8;1;1;0;0;18;6;10;5;13.0;3.7
1;1;1;9500;1;133.1;1;19;3;5;115.0;0;0;1;0;20;7;11;4;12.6;0.3
1;1;2;9773;1;132.0;1;2;9;3;128.2;0;1;0;1;19;6;7;6;12.333333333333334;-0.8
1;1;1;9238;1;123.0;34;38;0;7;120.2;0;1;0;0;20;6;9;5;11.8;2.6
1;1;1;9085;1;120.0;38;38;4;7;111.6;0;1;0;0;19;6;12;5;14.0;0.3
1;1;2;9070;1;129.0;3;4;2;2;136.4;0;1;0;0;18;6;6;6;12.333333333333334;2.6
1;1;6;9500;1;139.0;19;38;4;9;128.5;0;1;0;0;19;8;10;6;13.066666666666668;3.7
1;17;1;9070;1;108.0;19;1;4;3;111.9;0;1;0;0;19;6;0;0;0.0;1.4
1;39;1;9070;1;139.3;38;38;5;5;117.5;0;1;1;0;28;6;0;0;0.0;0.5
1;17;4;9670;1;126.0;38;19;9;6;119.4;0;1;0;1;18;6;6;6;14.0;1.4
1;1;1;9500;1;141.0;1;1;90;3;127.8;0;1;0;1;19;7;7;0;0.0;2.6
1;17;2;9238;1;139.0;2;3;3;3;132.7;0;1;0;0;19;6;7;6;11.166666666666666;-0.8
1;1;3;9147;1;127.0;1;38;5;7;123.5;0;1;0;1;19;5;5;5;11.6;-0.8
1;1;3;9500;1;147.0;37;38;9;5;134.8;0;1;0;0;18;7;7;6;14.016666666666666;2.6
1;17;1;9670;1;132.0;19;1;5;4;119.1;1;1;1;0;18;6;6;3;12.666666666666666;1.4
1;43;1;9853;1;110.0;37;37;9;9;107.7;1;0;0;0;28;6;0;0;0.0;1.4
1;1;1;9773;1;128.0;37;1;9;7;124.2;0;1;0;0;18;6;8;5;13.0;2.8
1;39;1;9130;1;133.1;1;19;4;5;120.0;0;1;1;0;29;5;11;1;18.0;1.4
1;1;2;9500;1;144.0;38;37;9;9;128.8;0;1;1;0;19;7;7;6;13.2;2.6
1;1;1;9130;1;133.0;1;37;9;9;123.2;0;1;0;1;19;6;8;6;13.333333333333334;1.4
1;7;1;9500;2;140.0;38;37;7;8;140.0;0;1;0;0;29;8;14;4;11.325;3.7
1;17;1;9254;1;127.0;1;1;4;8;126.7;0;0;1;0;22;1;1;0;0.0;0.5
2;43;1;9991;1;140.0;37;37;9;9;130.0;0;1;1;0;30;10;14;9;12.333333333333334;-0.8
1;39;1;9003;12;133.1;37;1;9;10;130.0;0;1;1;0;28;6;6;0;0.0;0.6
1;51;1;33;1;130.0;19;19;9;9;117.7;0;1;0;0;34;12;12;10;12.0;0.6
1;17;1;9070;1;139.0;1;37;4;9;131.3;0;1;0;0;19;6;10;4;12.0;2.6
2;1;1;9991;3;160.0;1;3;4;9;137.3;0;1;0;0;23;5;5;5;10.8;-0.8
1;17;5;9119;1;126.0;38;38;5;9;116.9;1;1;1;0;20;5;5;4;14.5;0.6
1;1;2;9500;1;124.0;37;37;7;7;116.5;0;1;0;1;20;7;9;7;14.093333333333332;0.6
1;44;1;9003;39;140.0;19;19;4;4;140.0;0;0;1;0;21;6;17;2;12.5;0.3
1;1;3;9500;1;143.0;37;38;7;7;133.8;0;1;0;0;18;8;8;8;14.26875;-0.8
1;1;1;9853;1;125.0;38;38;9;9;125.4;1;0;0;0;19;7;11;4;12.0;0.3
2;39;1;9119;1;120.0;37;38;9;10;145.4;1;1;1;0;40;5;11;3;10.666666666666666;0.3
1;1;1;9773;1;127.0;19;37;9;9;126.3;0;1;1;0;19;6;8;6;12.833333333333334;2.8
1;1;1;9500;1;132.0;19;1;9;5;123.4;0;1;0;1;18;7;7;7;14.604285714285712;0.6
1;17;1;9254;1;126.0;1;1;9;9;124.3;0;1;0;1;19;6;8;6;11.166666666666666;0.3
1;17;4;9500;1;129.0;38;37;9;5;120.0;0;1;0;0;19;8;8;7;12.454285714285716;1.4
1;1;1;9853;1;123.0;1;38;9;6;121.6;0;1;0;0;18;7;12;5;12.0;0.6
1;10;1;9773;1;152.0;38;37;5;9;152.0;0;1;0;0;22;6;8;6;11.666666666666666;3.7
1;16;2;9238;1;122.0;19;37;9;7;127.3;0;1;0;1;19;6;8;4;11.25;1.4
1;1;2;9500;1;134.0;19;19;4;7;131.0;0;1;1;0;18;7;9;7;14.594444444444443;2.8
1;44;1;9003;39;130.0;37;37;9;10;130.0;0;1;1;0;25;6;6;0;0.0;2.8
1;1;1;9238;1;135.0;1;1;9;9;133.3;0;1;0;1;20;6;6;6;12.0;0.6
1;43;1;9500;1;125.0;37;37;9;7;123.6;0;1;0;1;18;7;8;5;12.86;2.6
1;39;1;9991;1;130.0;37;37;9;9;130.1;0;1;0;0;25;5;8;3;11.0;1.4
1;39;1;9085;19;133.1;3;1;2;5;103.0;0;1;1;0;25;6;0;0;0.0;1.4
1;43;1;9991;39;160.0;37;37;9;9;160.0;0;1;0;0;24;10;16;3;11.666666666666666;-0.8
1;1;5;9238;1;126.0;30;19;0;2;121.5;0;1;0;0;18;6;8;6;11.333333333333334;2.6
1;1;3;9773;1;138.0;3;1;2;3;135.9;0;1;0;0;18;6;7;6;14.857142857142858;-0.3
1;1;1;9130;1;164.0;34;1;0;0;163.0;0;1;0;0;18;6;0;0;0.0;2.6
4;39;1;8014;19;133.1;34;34;0;0;100.0;0;1;0;0;48;6;11;1;10.0;-0.8
1;17;1;171;1;158.0;3;3;3;3;151.4;0;0;0;0;19;12;12;12;13.0;1.4
1;1;1;9147;1;143.0;1;1;4;6;138.8;0;0;1;0;18;5;9;3;11.333333333333334;1.4
1;39;1;9670;1;100.0;1;1;4;4;120.0;0;1;1;0;26;5;7;3;11.333333333333334;-0.8
1;16;4;9773;1;109.0;37;37;9;3;137.0;0;1;0;1;18;6;7;6;12.666666666666666;1.4
1;43;1;9991;2;110.0;37;37;9;9;112.9;0;1;0;0;38;15;16;14;10.928571428571429;-0.8
1;1;1;9147;1;150.0;34;19;0;4;152.8;0;1;1;1;18;5;7;4;12.75;2.6
1;1;1;9130;1;151.0;3;1;2;4;151.0;0;1;0;0;18;6;11;6;14.444444444444445;0.3
1;17;1;9500;1;135.0;19;38;9;9;129.2;0;1;0;1;18;7;7;7;14.145714285714286;0.6
1;1;3;9773;1;121.0;19;19;3;3;116.1;0;1;0;1;18;6;6;6;13.166666666666666;0.5
1;1;1;9254;1;132.0;1;38;9;9;120.1;0;1;1;1;20;6;7;6;13.571428571428571;1.4
1;1;4;9119;1;126.0;3;19;2;9;123.6;0;1;1;0;18;5;6;5;12.4;1.4
1;43;1;9085;1;162.0;2;1;4;4;162.0;0;1;0;0;19;6;7;6;15.0;0.5
1;44;1;9003;39;150.0;1;38;6;6;150.0;0;1;1;0;21;6;12;4;11.8;0.3
1;1;1;9003;1;148.0;19;37;9;9;131.6;0;1;1;0;19;12;17;11;12.0;2.8
1;1;1;9085;1;140.0;3;1;2;4;124.1;0;1;0;0;18;5;12;5;14.5;-0.8
1;1;3;9500;1;132.0;38;38;9;9;119.3;0;1;0;0;19;8;8;7;11.98857142857143;1.4
1;1;1;9556;1;135.0;37;38;7;9;125.8;0;1;0;1;20;7;14;7;10.642857142857142;3.7
1;7;1;9556;3;130.0;1;37;4;8;130.0;0;0;1;0;23;7;7;3;13.666666666666666;1.4
1;1;2;9556;1;125.0;38;1;9;3;116.3;0;1;0;0;18;7;8;7;13.428571428571429;0.3
1;43;1;9500;1;120.0;1;1;5;8;112.0;0;1;0;1;19;8;15;7;11.571428571428571;3.7
1;1;3;9500;1;139.0;3;1;4;1;126.0;0;1;1;0;18;8;15;5;12.288;1.4
1;17;5;9500;1;140.0;1;1;4;3;131.1;0;1;0;0;18;7;7;7;13.19;0.6
1;17;1;9238;1;135.0;1;19;4;4;129.1;0;1;0;0;19;6;6;6;14.666666666666666;2.8
1;39;1;9085;1;130.0;37;19;9;7;130.0;0;1;0;0;28;5;13;4;11.25;3.7
1;1;1;9238;1;133.1;38;38;191;192;118.0;1;1;0;1;20;6;7;5;11.4;1.4
1;18;2;9773;1;109.0;1;1;4;4;109.0;0;0;0;0;20;6;6;0;0.0;1.4
1;17;2;9500;1;145.0;19;37;5;9;130.5;0;1;0;0;18;8;8;7;14.24;1.4
1;7;1;9147;3;130.0;37;19;9;8;130.0;0;1;0;0;21;9;9;9;10.88888888888889;1.4
1;17;3;9556;1;131.0;19;38;9;7;128.5;0;1;0;1;18;7;9;7;12.855555555555556;3.7
1;17;3;9254;1;118.0;19;1;4;4;115.9;0;1;1;1;18;6;7;6;12.142857142857142;1.4
1;1;2;9773;1;150.0;1;37;9;7;130.8;0;1;0;1;20;6;9;5;11.8;2.8
2;39;2;9556;1;133.1;1;3;9;2;152.8;0;1;0;0;28;7;9;7;12.428571428571429;0.5
1;17;1;9238;1;158.0;1;1;5;6;140.5;0;1;0;1;20;6;9;6;11.333333333333334;1.4
1;39;1;9119;1;138.7;1;12;4;3;111.3;0;1;1;0;27;6;7;3;12.0;-0.3
1;1;2;9119;1;140.0;19;19;9;9;125.7;0;1;1;0;18;5;5;0;0.0;-0.8
1;17;4;9070;1;160.0;1;19;5;7;155.5;0;1;0;0;18;6;6;6;14.0;0.6
1;1;3;9773;1;145.0;38;38;9;5;133.1;0;1;0;1;20;6;9;4;13.0;1.4
4;43;1;9670;1;150.0;37;37;9;6;110.0;0;1;0;0;40;8;8;8;11.625;-0.8
1;1;1;9238;1;116.0;38;38;9;8;108.7;0;1;1;0;18;6;9;5;11.0;0.6
1;1;1;9238;1;127.0;1;19;4;3;141.7;0;1;1;0;22;6;6;6;12.666666666666666;1.4
1;17;1;9773;1;120.0;1;38;5;5;121.4;0;0;0;0;20;6;7;4;13.0;0.5
1;17;1;9070;1;122.0;1;1;4;8;123.8;1;0;0;1;18;6;6;6;11.833333333333334;3.7
1;43;1;9003;1;119.0;37;37;9;6;119.0;1;1;1;0;23;6;6;0;0.0;2.8
1;1;1;9147;1;129.0;37;37;9;7;117.8;0;1;0;1;19;5;6;4;11.0;1.4
1;1;1;9773;1;143.0;1;38;8;8;136.7;0;1;0;1;18;6;6;6;13.833333333333334;0.6
1;1;1;9500;1;148.0;19;19;4;4;133.8;0;1;0;0;18;8;8;7;13.485714285714284;3.7
1;44;1;9003;39;130.0;2;3;9;6;130.0;0;1;1;0;20;6;12;4;10.8;0.5
1;43;1;9556;1;128.0;38;38;7;8;123.5;0;1;0;0;22;7;14;6;10.744444444444444;3.7
1;1;6;9500;1;120.0;1;1;9;6;114.8;0;1;0;0;21;7;11;4;13.25;0.6
1;39;1;9853;19;133.1;19;4;9;4;116.0;0;1;0;0;29;7;14;0;0.0;0.6
1;1;3;9773;1;131.0;38;37;7;7;127.2;0;1;0;1;18;6;6;6;15.0;1.4
1;1;1;171;1;134.0;19;37;7;7;136.1;0;1;1;0;19;0;0;0;0.0;-0.8
1;17;1;9991;1;120.0;38;3;9;3;116.9;1;0;0;0;26;5;5;0;0.0;1.4
1;42;1;9773;1;133.1;19;6;4;3;120.0;0;1;1;0;27;4;8;0;0.0;-0.8
1;43;1;9070;1;125.0;38;37;8;7;131.7;0;1;1;0;20;6;6;4;12.75;0.5
2;39;1;171;12;110.0;37;37;7;7;106.0;0;1;1;0;36;0;0;0;0.0;2.6
1;1;1;9773;1;111.0;19;19;9;9;110.0;0;1;0;0;18;6;6;5;12.6;0.6
2;42;1;9991;1;130.0;3;2;2;2;130.0;0;1;1;0;27;2;2;2;12.5;3.7
1;1;1;9254;1;121.0;19;19;5;8;117.5;0;1;0;0;18;6;7;6;10.571428571428571;0.3
1;39;1;8014;1;133.1;37;37;9;9;112.5;0;1;0;1;30;7;7;6;14.666666666666666;1.4
1;1;3;9085;1;147.0;19;19;9;1;135.6;0;1;0;0;20;6;7;6;16.714285714285715;-0.3
2;39;1;9991;1;160.0;1;3;1;2;130.0;0;0;1;1;26;5;12;3;10.666666666666666;-0.8
1;1;4;171;1;146.0;1;1;9;5;151.3;0;1;0;1;19;12;12;12;12.75;1.4
1;1;4;9238;1;130.0;1;19;4;5;124.8;0;1;0;0;19;6;6;6;13.0;1.4
1;1;1;9085;1;128.0;19;1;5;4;135.7;0;1;0;0;20;5;7;4;12.75;1.4
1;17;4;9773;1;137.0;1;1;5;5;125.8;1;1;1;0;20;6;7;5;12.2;3.7
1;1;5;9500;1;145.0;38;38;9;9;125.5;0;1;0;1;18;8;8;8;13.76375;-0.8
1;1;1;9773;1;133.1;3;19;4;5;105.0;0;1;0;0;20;6;6;6;13.833333333333334;3.7
1;1;5;9254;1;131.0;19;37;9;9;123.7;0;1;0;1;19;6;8;5;11.666666666666666;1.4
1;17;1;9147;1;134.0;19;38;4;8;129.5;0;1;0;1;18;5;5;5;11.6;1.4
1;1;4;9147;1;133.1;1;19;4;6;106.0;0;1;0;0;24;5;11;2;10.5;3.7
4;39;1;8014;3;100.0;37;37;9;9;130.0;0;1;0;1;43;6;7;5;12.2;-0.8
1;44;1;9254;39;170.0;19;2;9;3;170.0;0;0;1;0;26;8;14;8;15.125;0.6
1;15;1;9773;1;120.0;19;19;4;5;120.0;0;1;0;0;22;6;6;6;13.0;0.5
1;1;2;171;1;125.0;38;19;9;9;117.3;0;1;1;1;21;0;0;0;0.0;1.4
1;1;4;9500;1;115.0;3;3;2;2;111.5;1;0;0;0;19;7;10;4;11.96;-0.3
2;39;1;9003;19;133.1;19;37;9;10;120.0;1;1;0;0;37;6;10;6;12.875;0.3
1;1;3;9500;1;119.0;19;37;9;9;119.4;0;1;0;0;20;7;7;7;13.775714285714288;0.5
1;1;1;9085;1;136.0;1;38;9;9;130.8;0;1;0;0;18;5;7;5;14.4;3.7
1;17;1;9773;1;138.0;1;19;9;9;124.0;0;1;0;1;19;6;6;6;13.166666666666666;0.6
1;1;3;9147;1;133.0;38;19;9;10;125.0;0;1;0;0;18;5;6;5;12.8;-0.8
1;1;1;9238;1;116.0;38;19;8;10;110.8;0;1;1;0;19;6;0;0;0.0;0.3
1;39;1;9130;1;150.0;19;19;9;5;160.0;0;1;1;0;24;5;13;4;13.75;-0.8
1;1;2;9773;1;122.0;37;37;9;9;130.8;0;1;0;0;18;6;14;4;11.25;-0.8
1;51;1;8014;1;121.0;1;38;5;7;112.3;0;1;0;0;22;16;16;13;10.923076923076923;0.3
1;7;3;9130;3;130.0;19;37;90;5;130.0;1;0;0;0;27;5;6;2;11.5;3.7
1;1;1;9670;1;116.0;3;3;3;3;110.1;0;1;1;0;19;6;9;5;13.333333333333334;0.5
1;1;2;9238;1;136.0;37;38;9;8;139.2;0;1;0;0;18;6;7;6;13.833333333333334;-0.8
4;39;1;9500;19;133.1;38;1;9;4;120.0;0;1;0;1;35;8;9;8;13.63;-0.8
1;1;3;9773;1;135.0;1;1;3;5;130.1;0;1;0;0;18;6;6;6;13.666666666666666;2.8
1;1;1;9853;1;122.0;3;19;2;3;112.9;0;1;0;0;18;7;9;7;11.857142857142858;0.3
1;17;2;9254;1;128.0;38;38;9;9;129.1;0;1;0;0;18;6;6;6;12.666666666666666;0.6
2;39;1;9238;42;170.0;19;38;8;8;159.5;0;1;1;0;33;6;6;0;0.0;1.4
1;7;1;9556;43;160.0;38;19;9;9;160.0;0;1;1;0;36;7;16;1;12.0;0.6
1;44;1;9238;39;150.0;1;37;4;8;145.6;0;1;0;1;20;6;6;6;13.333333333333334;-0.3
1;1;5;9500;1;125.0;1;1;3;8;115.6;0;1;0;0;18;7;9;6;12.183333333333332;0.3
1;1;2;9070;1;124.0;19;1;9;3;123.7;0;1;0;1;18;6;8;6;12.714285714285714;-0.3
1;39;1;9500;1;110.0;37;37;9;9;130.0;1;0;0;0;32;7;12;4;13.7;0.3
1;1;3;171;1;115.0;9;1;6;6;108.7;0;0;0;0;21;0;0;0;0.0;-0.8
1;44;1;9003;39;150.0;19;1;1;1;150.0;0;1;1;0;22;6;12;3;13.333333333333334;2.8
1;1;1;9238;1;115.0;1;1;9;4;109.1;1;0;0;1;22;6;0;0;0.0;0.5
1;1;1;9773;1;159.0;34;26;0;6;160.1;0;1;0;0;18;6;6;6;15.166666666666666;2.6
1;1;4;9500;1;130.0;19;19;9;7;119.9;0;1;0;0;18;7;7;7;13.78;0.5
1;1;1;9773;1;132.0;2;1;9;9;126.4;0;1;0;1;18;6;9;6;11.166666666666666;1.4
1;1;1;9238;1;133.1;19;37;9;9;130.0;0;0;0;1;20;6;10;5;13.4;1.4
1;17;4;9670;1;110.0;19;37;9;99;106.1;1;0;0;1;18;6;6;1;11.0;3.7
1;18;1;9670;1;133.0;1;1;9;9;121.5;0;1;0;1;19;6;7;6;13.0;0.5
1;1;1;9773;1;125.0;3;2;2;1;119.1;0;1;0;0;22;6;13;2;12.0;-0.8
1;44;1;9085;39;130.0;1;1;4;4;130.0;0;1;1;0;26;6;20;4;12.5;2.8
1;17;2;9254;1;125.0;37;37;9;8;122.6;1;0;0;0;20;6;8;4;11.75;0.6
1;17;4;9085;1;106.0;37;1;3;9;106.0;0;1;0;0;20;6;9;6;13.166666666666666;-0.3
1;39;1;9991;1;150.0;19;37;9;8;138.5;0;1;0;0;26;5;10;4;12.0;3.7
1;39;1;8014;1;120.0;19;37;8;7;100.0;0;1;0;0;24;6;11;1;10.0;-0.8
1;17;6;9147;1;130.0;37;37;9;9;110.4;0;1;1;0;25;15;15;13;10.76923076923077;2.6
1;17;1;9254;1;131.0;38;37;4;9;131.7;0;0;0;0;18;6;0;0;0.0;3.7
1;1;1;9853;1;121.0;19;19;7;7;113.0;0;1;0;0;21;6;9;5;12.4;3.7
1;39;1;9500;3;133.8;3;37;2;10;184.0;0;1;0;0;28;7;9;7;17.005555555555556;2.8
4;39;1;9130;19;133.1;37;38;9;4;100.9;0;1;1;0;48;6;0;0;0.0;2.8
1;17;4;9119;1;129.0;34;36;0;5;118.9;0;1;1;0;18;5;9;3;11.666666666666666;2.6
1;1;1;9070;1;148.0;3;1;2;10;148.0;0;1;0;0;20;12;12;10;14.7;2.8
2;39;1;9773;1;120.0;37;38;9;3;155.5;0;1;1;0;47;6;12;5;13.8;3.7
2;43;1;8014;1;133.1;34;34;0;0;100.0;0;1;0;1;35;16;16;16;12.6875;-0.8
1;1;1;9130;1;133.0;2;37;9;7;125.7;0;1;1;1;18;6;7;6;13.5;0.5
1;39;1;9147;1;140.0;37;3;9;2;135.1;0;1;1;0;61;5;0;0;0.0;2.8
1;44;1;9238;1;120.0;37;37;6;9;121.0;0;1;0;1;21;6;6;6;12.333333333333334;-0.3
1;39;1;9670;1;133.1;37;37;9;9;100.2;0;0;0;0;26;6;9;3;11.75;0.3
1;1;3;9500;1;147.0;1;1;4;4;134.3;0;1;0;0;18;8;8;7;14.2;3.7
1;17;1;171;1;145.0;37;19;5;9;130.0;0;1;0;0;23;0;0;0;0.0;0.6
1;43;1;9238;1;109.0;19;37;5;5;108.3;0;1;0;1;21;6;15;2;10.5;1.4
1;17;1;9773;1;145.0;1;38;90;8;132.8;0;0;1;0;21;6;10;2;12.0;1.4
1;17;2;9500;1;137.0;19;37;4;7;126.3;0;1;0;1;19;7;9;6;12.339999999999998;0.6
1;1;2;9500;1;149.0;3;1;9;9;137.5;0;1;1;0;19;8;8;7;13.828571428571427;3.7
1;1;1;9070;1;124.0;19;19;9;9;138.4;1;1;0;1;19;6;8;6;13.285714285714286;-0.3
1;17;1;9238;1;151.0;19;1;5;0;144.4;0;1;0;0;18;6;8;6;15.375;0.3
1;44;1;9003;39;160.0;3;1;2;6;160.0;0;0;0;0;20;6;10;6;13.375;0.3
1;1;1;9147;1;131.0;38;38;9;9;126.5;0;1;0;1;18;5;5;5;10.6;0.5
1;1;1;9070;1;160.0;3;38;1;9;152.0;0;0;0;0;19;5;5;0;0.0;1.4
1;17;1;9119;1;125.0;19;1;5;4;121.5;0;1;1;0;20;5;7;5;15.8;0.6
1;1;1;171;1;170.0;38;19;9;2;160.6;0;1;1;1;18;0;0;0;0.0;3.7
1;16;1;9070;1;125.0;1;1;4;4;120.8;0;1;0;0;18;6;6;6;14.5;0.5
1;1;3;9500;1;139.0;19;1;9;5;135.0;0;1;0;1;18;8;8;7;12.214285714285714;3.7
1;44;1;9130;39;130.0;38;37;4;9;130.0;0;1;0;1;20;6;11;4;12.0;0.3
1;16;3;9853;1;134.0;37;19;9;5;121.4;0;1;0;1;23;6;10;4;14.25;2.6
1;17;4;9238;1;123.0;19;19;191;144;116.0;0;1;0;1;18;6;9;6;11.666666666666666;1.4
1;1;1;9130;1;137.0;40;19;2;9;130.7;0;1;0;0;18;6;8;5;14.4;1.4
1;15;1;9119;1;130.0;38;3;9;2;137.0;0;1;1;0;19;5;9;5;14.0;-0.3
1;1;3;171;1;129.0;38;37;9;3;127.3;1;0;1;1;19;0;0;0;0.0;-0.8
1;44;1;9238;39;140.0;37;19;191;102;136.1;1;1;0;0;21;6;8;3;12.0;0.5
1;1;3;9500;1;125.0;3;1;4;4;119.4;0;1;0;0;19;7;10;6;12.471428571428572;0.5
1;18;1;9119;1;146.0;1;37;7;7;132.4;0;1;1;0;18;5;5;1;16.0;-0.8
1;43;1;9991;1;133.1;37;37;9;8;114.7;0;1;0;0;34;2;2;2;10.5;1.4
1;16;6;9147;1;128.0;37;37;9;9;116.5;0;1;0;0;20;5;8;4;11.6;2.6
1;17;1;9254;1;132.0;38;38;0;5;126.1;0;1;1;0;20;6;9;4;10.75;2.6
1;1;2;9147;1;120.0;1;37;4;9;113.4;0;1;1;1;19;5;5;0;0.0;0.6
1;53;1;9085;42;140.0;19;38;9;9;138.2;1;0;0;0;21;10;15;8;13.75;1.4
2;1;1;9500;1;151.0;37;38;9;7;134.5;1;1;0;1;18;7;7;6;14.2;2.6
2;43;2;9147;1;133.1;37;37;9;9;109.0;0;1;0;0;46;9;18;8;11.375;-0.8
1;17;2;9238;1;132.0;38;1;7;7;133.1;0;1;0;1;19;6;8;5;12.2;-0.8
1;1;1;9238;1;133.0;19;38;9;7;131.3;1;1;0;0;18;6;7;5;13.6;1.4
1;1;4;9500;1;137.0;19;37;9;7;130.8;1;1;0;0;18;8;9;8;14.4025;-0.8
1;43;1;8014;1;133.1;3;3;2;3;135.0;0;1;0;0;27;10;10;9;11.444444444444445;1.4
1;39;1;9085;2;140.0;38;38;9;10;150.0;0;1;1;0;47;6;0;0;0.0;0.3
1;1;6;9500;1;118.0;38;19;3;3;113.5;0;1;1;0;18;7;7;7;13.175714285714289;0.5
1;1;1;9500;1;137.0;1;19;4;4;125.3;0;1;1;0;19;7;7;7;12.2;2.6
1;1;5;9254;1;101.0;3;19;3;9;98.9;0;1;1;0;20;6;10;4;13.0;0.5
2;39;1;9991;1;140.0;37;12;9;9;150.0;1;1;1;0;35;5;6;5;10.8;-0.8
1;44;1;9991;39;150.0;37;37;6;6;150.0;0;1;0;0;31;6;8;6;12.0;-0.8
1;17;2;9500;1;127.0;3;3;1;10;118.8;0;1;1;0;19;7;9;6;12.933333333333332;0.3
1;17;1;9254;1;133.0;19;1;9;9;137.2;0;1;1;1;20;6;6;0;0.0;1.4
1;17;1;9070;1;131.0;19;19;7;7;125.1;0;1;1;0;18;6;7;6;12.333333333333334;0.3
1;1;1;9085;1;120.0;1;19;3;4;116.7;0;1;0;0;20;5;12;3;12.333333333333334;-0.8
1;39;1;9085;19;133.1;37;37;4;8;140.0;0;1;0;0;35;6;11;3;12.666666666666666;0.6
2;39;1;9085;1;150.0;37;37;90;10;112.0;0;1;1;0;34;6;0;0;0.0;1.4
1;1;2;9500;1;123.0;34;34;90;90;113.3;0;1;0;0;20;7;8;4;11.95;2.6
2;39;1;9254;19;133.1;37;19;9;10;156.5;0;1;1;0;53;11;12;2;15.0;0.3
1;1;1;171;1;143.0;12;12;4;1;155.3;0;1;0;0;18;0;0;0;0.0;0.6
1;17;1;9119;1;132.0;37;37;9;6;119.4;0;1;1;0;21;5;8;0;0.0;2.6
1;39;1;9991;19;133.1;37;37;9;6;105.3;1;1;0;0;28;5;14;2;10.5;0.5
2;39;1;9119;1;110.0;37;37;9;9;106.8;0;1;1;0;34;5;8;1;10.0;1.4
1;1;4;9853;1;134.0;19;1;5;9;127.4;0;1;0;0;18;6;7;5;12.2;1.4
1;1;1;9238;1;131.0;37;1;9;9;135.9;0;1;0;0;18;6;8;5;13.2;-0.8
1;44;1;9238;39;140.0;1;1;4;3;138.6;0;1;1;0;22;6;7;6;12.333333333333334;-0.3
1;17;4;9254;1;118.0;38;37;5;7;111.7;0;1;1;0;18;6;12;3;11.666666666666666;0.5
1;1;1;9238;1;128.0;37;19;9;3;116.5;0;1;0;1;19;6;6;6;13.0;0.5
1;1;1;9670;1;142.0;1;19;4;4;128.0;0;1;0;1;18;6;8;6;14.0;0.6
2;39;1;9119;3;120.0;37;37;4;7;122.5;0;0;0;0;32;5;6;0;0.0;3.7
5;7;1;9070;3;140.0;37;37;7;7;140.0;0;0;1;0;30;6;6;1;10.0;2.8
1;43;1;33;1;143.0;37;1;9;10;121.2;0;1;1;0;25;10;13;5;11.6;0.5
1;44;1;9003;39;150.0;4;5;4;2;150.0;0;1;1;0;21;6;15;5;11.857142857142858;0.3
1;1;2;9070;1;126.0;19;38;9;9;132.0;0;1;0;1;19;6;6;6;14.166666666666666;1.4
2;39;1;9991;1;150.0;1;4;4;2;146.0;0;1;1;0;34;5;5;5;14.2;3.7
1;1;1;9085;1;133.1;38;37;1;1;115.0;0;1;0;0;21;5;8;3;11.333333333333334;3.7
1;1;2;9500;1;131.0;1;37;4;4;126.1;0;1;0;1;19;7;7;7;12.495714285714286;0.6
1;1;1;9773;1;127.0;1;19;7;7;121.8;0;1;0;1;20;6;11;4;14.0;-0.8
1;1;1;9773;1;120.0;38;37;9;9;114.8;0;1;0;0;19;6;11;4;12.25;2.6
1;1;4;9500;1;136.0;19;38;9;9;123.0;0;1;0;0;19;8;8;7;14.328571428571427;1.4
2;7;1;8014;3;130.0;35;35;90;90;140.0;0;0;0;0;59;15;22;12;13.333333333333334;1.4
1;17;1;9254;1;122.0;19;19;5;5;118.2;0;1;0;1;20;6;10;4;11.25;0.5
1;1;2;9500;1;130.0;1;38;9;9;125.1;0;1;0;1;18;7;9;6;12.816666666666668;0.6
1;1;4;9500;1;139.0;37;38;9;9;124.0;0;1;1;1;18;8;8;7;13.331428571428573;1.4
4;7;1;9147;3;130.0;19;1;5;5;130.0;0;1;0;0;35;5;5;0;0.0;0.6
1;39;1;9085;1;130.0;37;37;6;6;110.0;0;1;0;1;25;6;13;3;11.666666666666666;0.6
1;1;6;9070;6;119.0;1;1;9;9;123.2;0;1;1;0;22;6;6;6;14.166666666666666;1.4
2;39;1;9238;19;133.1;37;37;9;4;103.5;0;1;1;0;42;6;0;0;0.0;2.8
1;1;3;9500;1;142.0;37;38;9;9;137.3;0;1;0;1;22;7;7;6;13.9;2.6
1;44;1;9085;39;140.0;1;19;4;4;140.0;0;1;0;0;21;6;9;6;13.142857142857142;-0.3
1;17;2;9238;1;115.0;19;38;7;8;116.4;0;1;0;0;21;6;9;6;11.375;0.3
1;17;1;9119;1;131.0;1;3;9;10;123.7;0;1;1;0;20;5;7;4;12.0;1.4
1;7;1;8014;3;140.0;37;12;9;4;140.0;0;0;0;0;26;5;9;0;0.0;-0.8
1;1;1;9147;1;160.0;1;38;4;7;141.5;0;1;1;0;18;5;10;3;10.666666666666666;-0.8
1;43;1;9773;1;122.0;1;1;4;5;126.9;0;1;0;0;21;6;8;6;11.714285714285714;2.6
1;18;1;9500;1;126.0;38;37;5;5;114.8;0;1;0;0;20;8;8;7;14.402857142857142;1.4
1;39;1;9238;1;160.0;38;1;9;3;124.0;1;1;1;0;28;8;15;7;11.0;1.4
1;43;2;9500;1;136.0;19;1;9;10;124.1;0;1;1;1;21;8;8;0;0.0;-0.8
1;53;1;9085;42;150.0;1;1;9;4;150.0;0;1;1;1;22;7;11;5;12.166666666666666;1.4
1;17;1;9130;1;138.0;2;19;2;6;126.3;0;1;0;1;18;6;7;6;12.833333333333334;1.4
1;18;3;9070;1;131.0;1;37;5;5;122.3;0;0;0;0;19;6;6;6;12.166666666666666;2.8
2;39;1;9003;1;130.0;1;37;9;1;122.0;1;0;1;0;25;10;23;6;11.428571428571429;2.8
4;43;1;9500;19;100.0;34;34;0;0;110.0;0;1;1;0;30;14;26;12;12.52608695652174;2.6
1;16;3;9773;1;138.0;37;38;4;9;134.2;0;1;0;1;20;6;6;6;15.0;0.6
1;42;1;9500;1;100.0;37;37;7;9;100.0;0;1;0;1;19;8;8;7;13.058571428571428;1.4
1;1;6;9500;1;122.0;19;37;3;5;116.6;1;1;1;1;20;7;7;7;13.314285714285717;0.5
1;17;2;9070;1;142.0;3;1;2;4;141.0;0;1;1;0;18;6;6;6;13.0;1.4
1;1;4;9238;1;125.0;19;38;9;6;114.9;1;1;0;1;19;6;9;5;11.4;1.4
1;1;1;171;1;141.0;3;1;4;4;142.8;0;1;0;0;18;0;0;0;0.0;0.5
1;43;1;9119;1;130.0;1;1;9;2;128.0;1;0;1;0;27;5;5;0;0.0;-0.3
1;17;1;9670;1;118.0;1;19;4;8;118.7;0;1;1;1;19;6;7;6;12.0;0.5
1;43;1;9070;1;117.0;1;1;4;7;112.5;0;1;1;0;19;6;7;3;11.666666666666666;-0.3
1;17;2;9500;1;134.0;19;37;4;7;133.5;0;1;0;0;19;7;8;7;14.05;-0.3
1;44;1;9003;39;160.0;1;38;4;4;160.0;0;1;1;1;20;6;9;6;13.444444444444445;-0.3
1;39;1;171;1;145.0;3;1;2;10;114.5;0;1;1;0;24;0;0;0;0.0;-0.8
1;18;1;9500;1;124.0;38;37;9;7;119.3;0;1;0;0;19;8;8;8;13.11625;-0.8
1;1;1;171;1;137.0;3;19;2;9;122.3;0;1;0;0;19;0;0;0;0.0;1.4
1;43;1;8014;1;145.7;37;37;9;9;145.7;0;1;0;0;25;16;16;15;13.333333333333334;-0.3
1;17;2;9500;1;125.0;19;19;5;5;114.5;0;1;0;0;18;7;11;6;11.983333333333334;0.3
1;39;1;9991;1;133.1;37;37;9;9;109.7;0;1;0;0;29;5;0;0;0.0;0.3
1;39;1;9500;1;140.0;3;3;1;1;140.0;0;1;0;0;24;8;8;8;13.385;-0.8
1;1;2;9500;1;123.0;19;19;7;7;120.8;0;1;0;0;19;8;11;7;12.545714285714286;1.4
1;17;3;9147;1;142.0;37;38;5;1;129.4;0;1;0;0;18;5;5;5;13.2;-0.8
1;17;6;9147;1;129.0;19;1;9;4;122.0;0;1;1;0;19;5;8;5;11.6;-0.8
4;39;1;8014;1;160.0;37;37;3;4;97.0;0;1;0;1;35;6;9;6;11.333333333333334;2.8
1;1;1;9130;1;161.0;1;19;4;4;152.3;0;1;0;0;18;6;7;6;15.571428571428571;0.6
1;1;1;9254;1;127.0;19;19;4;6;120.7;1;0;0;0;22;6;10;5;11.0;1.4
1;43;1;9773;1;121.0;1;1;4;5;121.0;0;1;1;0;23;6;15;1;13.0;-0.8
1;43;1;9556;1;126.0;2;3;3;2;100.0;0;1;0;0;25;7;10;3;13.0;1.4
1;17;3;9853;1;133.1;12;1;4;0;134.8;0;1;0;0;18;6;12;0;0.0;2.6
1;17;1;9773;1;122.0;1;1;4;7;116.8;1;1;0;0;18;6;6;6;11.666666666666666;0.3
1;7;1;9147;2;150.0;3;37;2;5;150.0;1;0;0;0;38;5;6;0;0.0;2.8
1;43;1;9147;1;129.0;19;1;9;5;112.0;0;1;1;0;22;9;9;5;11.2;3.7
1;43;1;9991;1;133.1;37;19;3;10;136.1;0;1;1;1;42;5;14;1;10.0;-0.3
1;44;1;171;39;150.0;4;4;2;2;150.0;0;1;1;0;25;0;0;0;0.0;2.8
1;1;1;9238;1;125.0;19;19;9;9;121.5;0;1;0;1;19;6;9;6;10.857142857142858;0.5
1;17;2;9238;1;111.0;19;38;9;9;110.7;0;1;0;0;19;6;9;6;12.166666666666666;1.4
1;44;1;9085;39;150.0;5;4;1;1;150.0;0;1;0;0;20;6;7;6;13.333333333333334;0.5
1;17;3;9085;1;128.0;1;19;4;90;124.2;0;0;0;0;21;5;8;2;11.5;2.6
1;1;4;9773;1;133.0;19;19;7;7;134.4;0;1;1;1;20;6;6;6;12.166666666666666;-0.8
1;17;1;9991;40;127.0;37;37;6;6;124.9;0;1;0;0;29;5;10;5;13.571428571428571;0.3
1;39;1;9238;1;140.0;34;34;0;0;114.0;0;0;0;0;28;6;11;1;13.0;-0.8
1;53;1;9085;42;150.0;1;19;3;8;150.3;0;1;1;1;21;11;15;9;14.22222222222222;1.4
1;1;1;9147;1;177.0;1;38;3;9;162.3;0;1;0;1;18;5;6;5;16.333333333333332;2.8
1;44;1;9003;39;130.0;1;37;6;6;130.0;0;1;1;0;20;6;14;5;11.714285714285714;0.3
1;1;6;9500;1;138.0;1;38;3;9;123.0;0;1;0;0;19;7;10;5;13.44;0.5
2;39;1;9991;3;140.0;19;19;9;7;152.4;0;1;0;0;26;5;5;5;12.0;1.4
1;17;1;171;1;143.0;19;37;5;9;156.3;0;1;1;1;19;0;0;0;0.0;0.6
1;17;1;9254;1;125.0;1;1;3;3;114.5;0;1;1;1;22;6;8;6;13.625;0.6
2;39;1;9119;1;110.0;19;19;0;5;137.0;1;1;1;0;30;5;5;0;0.0;2.6
1;43;1;9147;1;123.0;3;19;9;9;113.2;0;1;0;0;21;10;18;6;11.166666666666666;2.6
1;1;1;9085;1;125.0;1;19;4;9;114.5;0;1;0;0;24;5;6;5;13.0;3.7
2;39;1;9500;1;133.1;3;1;5;5;148.8;0;1;0;1;34;7;7;6;12.513333333333334;0.5
1;18;3;9070;1;134.0;1;1;3;4;121.4;0;1;0;0;18;6;6;2;12.0;-0.8
1;44;1;9003;39;150.0;19;37;6;6;150.0;1;1;0;1;19;6;9;6;14.333333333333334;-0.3
1;1;5;9500;1;141.0;38;19;9;6;126.3;0;1;0;0;20;8;12;7;12.471428571428572;3.7
1;1;2;9254;1;125.0;1;19;4;1;121.5;0;1;1;0;18;6;12;5;11.0;-0.8
1;18;1;8014;1;137.0;1;1;4;3;123.0;1;1;0;0;20;6;13;4;10.8;0.3
1;44;1;9119;39;160.0;3;38;2;3;160.0;1;0;1;0;24;6;6;2;16.0;1.4
1;44;1;171;39;140.0;1;1;9;9;140.0;0;1;1;0;21;0;0;0;0.0;2.8
1;17;2;9254;1;123.0;19;19;5;5;113.2;1;1;0;0;19;6;10;6;12.166666666666666;0.3
1;1;1;9500;1;168.0;1;1;5;5;161.0;0;1;1;0;18;7;7;7;16.142857142857142;0.3
1;17;5;9254;1;130.0;37;38;9;9;122.7;1;1;1;1;20;6;7;0;0.0;1.4
1;1;1;9238;1;135.0;1;1;4;4;122.8;0;1;0;0;18;6;7;6;14.0;1.4
1;1;1;9500;1;148.0;3;3;2;2;137.3;0;1;0;0;19;7;7;6;14.266666666666666;2.6
1;43;1;8014;1;131.0;19;37;8;5;125.0;0;1;1;0;24;6;13;0;0.0;0.3
1;1;1;9500;1;125.0;19;38;9;8;118.3;0;1;1;0;20;8;12;5;12.002;1.4
1;43;1;9070;1;114.0;19;38;9;7;135.9;0;1;1;0;26;14;14;14;14.0;2.8
2;39;2;9147;1;130.0;19;37;4;7;140.0;0;1;1;0;34;5;10;3;11.666666666666666;-0.8
2;7;1;9254;3;130.0;1;3;4;3;130.0;0;1;0;0;39;6;10;0;0.0;0.5
2;7;1;9147;3;110.0;19;1;9;9;110.0;0;1;0;0;33;8;10;6;12.833333333333334;0.6
1;17;4;9773;1;127.0;2;37;9;9;115.8;1;0;0;0;19;6;6;0;0.0;1.4
1;17;3;9070;1;120.0;3;1;4;4;116.9;0;1;0;0;19;6;6;6;13.5;1.4
1;43;1;171;1;120.0;3;3;2;2;120.0;0;1;1;0;22;0;0;0;0.0;2.6
1;17;2;9254;1;124.0;19;38;9;9;123.3;0;1;0;0;22;6;7;6;10.833333333333334;-0.3
1;1;1;9670;1;132.0;4;2;123;112;143.6;0;1;1;0;20;6;8;5;12.8;-0.3
1;44;1;9238;39;130.0;38;38;5;10;126.7;1;1;0;0;21;6;6;6;12.166666666666666;-0.3
1;18;2;9853;1;168.0;1;19;3;9;126.8;0;1;1;0;18;6;7;5;12.6;1.4
1;1;1;171;1;131.0;19;38;4;5;132.8;0;1;0;0;18;0;0;0;0.0;2.6
1;17;1;9238;1;116.0;1;1;3;3;119.2;0;1;0;1;18;6;6;6;14.0;1.4
1;43;1;171;39;140.0;38;37;9;7;140.0;0;0;1;0;25;0;0;0;0.0;2.8
1;1;5;9070;1;123.0;3;1;9;3;121.3;0;1;0;0;20;6;6;6;11.166666666666666;0.5
1;1;2;9070;1;145.0;38;19;7;7;130.0;0;1;1;0;18;6;7;6;12.833333333333334;1.4
2;39;1;8014;19;133.1;19;37;6;8;149.5;0;1;1;0;48;6;6;0;0.0;0.5
1;1;6;9147;1;142.0;38;37;7;7;134.3;0;1;1;0;21;5;0;0;0.0;1.4
1;18;4;9085;1;170.0;1;1;4;5;166.6;1;0;0;1;20;5;8;5;14.4;3.7
1;43;1;171;2;140.0;37;37;9;9;140.0;0;1;0;0;34;0;0;0;0.0;1.4
1;17;1;9254;1;118.0;1;19;5;4;118.0;0;1;0;1;19;6;7;5;11.0;0.5
1;1;3;9070;1;139.0;1;38;4;7;142.2;0;1;0;1;19;6;6;6;12.833333333333334;-0.8
1;39;1;9130;1;120.0;1;38;9;9;150.0;0;1;1;0;25;6;6;0;0.0;0.5
1;1;3;9773;1;158.0;1;38;4;7;157.0;0;1;0;0;18;6;6;6;12.666666666666666;1.4
1;17;4;9238;1;129.0;37;37;9;8;117.1;0;1;1;0;21;6;6;6;12.333333333333334;1.4
1;17;1;9070;1;123.0;4;37;2;9;113.9;0;1;0;0;18;6;8;6;12.5;2.8
1;1;3;9500;1;141.0;19;19;9;9;126.0;0;1;0;0;18;8;8;7;15.657142857142857;3.7
1;39;1;9991;39;150.0;19;19;9;9;150.3;0;1;1;0;24;5;7;3;11.333333333333334;1.4
1;43;1;9119;1;128.0;1;38;4;7;100.0;0;1;1;0;19;5;8;5;12.0;-0.3
1;1;2;9853;1;133.0;19;37;4;9;130.2;0;1;0;0;19;6;6;0;0.0;3.7
1;1;1;9670;1;131.0;37;37;9;6;127.2;0;1;0;1;18;5;7;3;12.666666666666666;-0.8
1;39;1;9991;1;100.0;37;37;9;6;153.5;1;0;1;0;31;5;9;0;0.0;0.5
1;1;1;9500;1;150.0;1;1;5;1;155.6;0;1;0;0;19;7;7;7;14.3;0.3
1;17;2;9147;1;118.0;19;1;9;3;113.5;1;1;0;0;20;5;10;2;11.5;0.6
2;39;1;8014;1;140.0;37;37;9;9;101.0;0;1;0;0;35;6;7;6;12.5;2.8
4;39;1;9991;1;130.0;37;37;9;9;127.6;0;1;1;0;29;5;5;0;0.0;2.6
1;17;1;9147;1;135.0;37;38;9;9;128.0;1;1;0;1;18;5;5;5;12.8;0.6
1;1;4;9500;1;136.0;38;1;5;6;133.9;0;1;0;0;18;7;9;7;14.711111111111112;2.8
1;43;1;9773;1;140.0;3;37;3;7;116.9;0;1;1;0;32;11;15;7;11.285714285714286;-0.3
1;39;1;9556;19;133.1;37;37;9;10;100.0;0;1;1;0;31;7;7;0;0.0;2.8
1;39;1;9670;1;140.0;37;37;9;9;148.0;0;0;1;0;31;6;14;0;0.0;3.7
1;1;2;9085;1;122.0;1;1;193;101;126.2;0;1;0;0;19;6;8;6;14.0;0.5
1;39;1;9003;1;140.0;3;1;5;9;130.0;0;1;1;0;27;6;6;6;14.166666666666666;0.6
1;1;1;9070;1;124.0;19;37;4;4;126.8;0;1;0;1;18;6;8;6;12.0;-0.3
1;43;1;9130;1;120.0;1;19;9;9;120.0;0;1;0;0;21;6;14;5;11.5;2.8
1;1;1;9085;1;134.0;38;19;9;4;128.4;0;1;0;1;19;5;7;5;12.5;1.4
1;1;1;9238;1;125.0;19;38;7;7;118.7;0;1;1;0;20;6;12;4;11.75;2.8
1;1;1;9500;1;127.0;2;19;3;9;121.5;0;1;1;0;23;7;7;6;13.483333333333334;2.6
1;1;1;9238;1;154.0;38;38;9;9;156.5;0;1;0;1;18;6;8;6;11.714285714285714;3.7
1;1;3;9147;1;128.0;3;3;5;10;116.5;0;1;1;0;20;5;7;5;11.6;0.5
2;39;1;8014;1;120.0;38;37;5;3;110.5;0;1;0;1;36;6;6;6;11.833333333333334;1.4
1;1;1;9238;1;126.0;38;38;7;8;126.7;0;1;0;0;19;6;11;4;12.75;2.6
1;17;4;9773;1;138.0;37;19;5;7;133.5;0;0;0;0;18;6;7;6;12.5;1.4
2;42;1;9556;1;110.0;37;37;9;6;140.0;0;1;1;0;43;7;7;0;0.0;0.3
1;1;1;9085;1;142.0;38;38;9;10;127.0;0;1;0;0;18;5;7;3;12.333333333333334;1.4
1;17;5;9070;1;133.0;4;1;4;4;132.0;0;1;0;1;17;6;6;6;13.0;2.8
1;1;1;9130;1;110.0;3;19;2;9;105.5;1;0;0;0;19;6;0;0;0.0;0.6
1;1;1;9500;1;127.0;3;1;2;8;121.4;0;1;1;0;20;7;10;5;13.976666666666668;0.5
1;1;3;9500;1;143.0;19;37;7;7;127.0;0;1;0;0;18;8;8;8;13.07375;-0.8
1;17;3;9773;1;134.0;2;1;3;3;129.5;0;1;1;0;18;6;7;6;13.166666666666666;0.3
1;39;1;171;1;133.1;37;37;9;7;100.0;1;1;1;1;33;0;0;0;0.0;2.8
1;43;1;9991;1;120.0;38;38;9;7;141.0;0;1;1;1;32;10;12;10;13.8;1.4
1;15;1;9147;1;135.0;1;1;9;7;135.0;1;1;1;0;21;5;9;3;12.333333333333334;1.4
1;1;3;9085;1;138.0;1;3;4;4;126.3;0;1;0;0;18;6;8;6;14.0;1.4
1;17;2;9238;1;133.0;2;1;3;4;136.2;0;1;0;0;19;6;14;1;11.5;2.6
1;43;2;9500;1;120.0;41;3;2;2;112.7;0;1;0;0;21;8;12;6;11.68;1.4
1;44;1;9119;39;130.0;19;3;3;4;130.0;1;0;1;0;23;5;5;0;0.0;2.8
2;7;1;8014;3;130.0;19;38;3;7;130.0;0;1;0;0;32;14;18;13;12.846153846153848;1.4
2;39;1;9853;1;130.0;37;19;7;3;140.0;1;1;0;1;34;6;7;6;16.142857142857142;-0.8
1;7;1;33;40;120.0;38;37;5;6;120.0;1;0;1;0;25;21;26;21;12.363636363636363;0.6
1;1;1;9085;1;144.0;3;3;6;6;137.6;0;1;0;1;19;5;6;5;15.4;1.4
5;39;1;9500;3;140.0;37;38;9;9;160.0;0;1;0;0;27;8;8;7;15.94285714285714;3.7
1;1;1;9500;1;144.0;38;37;9;9;125.8;0;1;0;1;19;8;12;7;12.471428571428572;3.7
1;51;1;9070;1;135.0;3;1;3;5;121.8;0;1;0;1;19;11;11;11;13.181818181818182;0.6
1;1;1;9147;1;124.0;19;19;9;3;115.6;0;0;1;0;20;5;9;3;12.0;-0.8
4;39;1;9003;1;140.0;37;37;9;8;150.0;0;1;1;0;28;6;12;5;12.0;0.6
1;17;4;9119;1;139.0;37;19;9;4;133.1;0;1;1;0;18;5;8;4;12.5;2.6
1;43;1;9070;1;160.0;1;2;4;2;100.0;0;1;1;0;38;6;9;5;16.0;-0.3
1;7;1;9500;3;130.0;19;38;5;3;130.0;0;1;0;0;23;8;8;8;13.22;-0.8
1;17;4;9500;1;146.0;4;1;2;3;140.0;0;1;0;0;18;8;8;7;14.828571428571427;3.7
1;17;1;9070;1;127.0;1;1;3;4;130.2;0;1;1;0;19;6;6;5;11.4;1.4
1;51;1;171;1;128.0;2;1;3;3;131.2;0;1;1;0;21;12;12;12;13.666666666666666;1.4
1;44;1;9003;39;120.0;38;19;3;5;120.0;0;1;1;0;23;6;6;0;0.0;2.8
1;43;1;8014;6;133.1;34;34;0;0;100.0;1;1;0;0;29;6;9;4;12.0;2.6
1;1;1;9003;1;144.0;19;19;9;9;132.8;0;1;1;1;19;6;9;4;12.0;2.8
1;1;1;171;1;142.0;19;19;7;7;142.0;0;1;0;1;18;0;0;0;0.0;-0.3
1;44;1;9085;39;140.0;3;1;4;3;140.0;0;1;0;1;20;6;11;6;11.833333333333334;0.5
1;17;2;9254;1;131.0;1;19;9;9;130.3;0;1;0;1;18;6;6;6;12.833333333333334;-0.3
1;1;1;171;1;172.0;1;1;4;9;167.1;0;1;1;1;18;0;0;0;0.0;0.3
1;1;2;9773;1;116.0;19;19;4;7;110.1;0;1;0;0;18;6;6;6;13.333333333333334;0.6
4;39;1;9003;12;133.1;37;37;9;6;160.0;0;1;0;0;43;18;19;18;14.63157894736842;2.8
1;43;1;9670;1;127.0;37;37;9;9;127.0;0;1;1;0;23;9;11;6;10.5;-0.8
1;1;1;9130;1;150.0;5;5;2;2;146.2;0;1;0;0;18;5;12;4;13.0;-0.8
1;7;1;9119;4;180.0;4;3;2;7;180.0;1;1;1;0;30;5;6;4;14.5;-0.3
1;1;3;9085;1;133.0;1;38;9;90;128.2;0;1;0;0;21;5;7;5;12.0;2.6
1;1;1;9085;1;145.0;38;38;9;10;139.8;0;1;0;0;20;5;6;5;14.8;3.7
1;1;4;9500;1;128.0;1;1;4;10;125.2;0;1;1;1;18;7;7;7;14.682857142857143;0.5
1;17;5;9238;1;130.0;19;1;5;5;130.0;0;1;0;0;20;6;8;4;11.25;-0.8
1;39;1;8014;38;133.1;1;1;4;4;107.5;1;0;1;0;29;6;6;0;0.0;1.4
1;1;2;9070;1;135.0;19;37;9;9;134.0;0;1;0;1;22;6;10;5;10.8;3.7
1;39;1;9003;1;133.1;37;37;3;8;130.0;1;1;0;1;30;6;6;0;0.0;0.6
1;17;1;9070;1;133.1;38;19;5;5;128.0;0;1;0;1;21;6;6;6;11.5;-0.8
1;1;1;9500;1;141.0;19;38;5;7;125.5;0;1;0;0;18;8;10;8;12.86;-0.8
1;17;2;9147;1;122.0;19;19;7;7;116.1;0;1;0;1;19;5;8;5;11.2;0.5
1;17;2;9147;1;129.0;2;3;2;2;128.3;0;1;0;0;19;5;10;3;11.0;3.7
1;17;4;9254;1;122.0;1;1;4;2;116.1;0;1;1;0;19;6;7;5;12.2;2.6
1;17;2;9070;1;121.0;1;19;144;144;111.9;0;1;1;0;19;6;9;5;12.0;1.4
1;5;1;171;1;137.0;3;19;1;10;144.7;0;1;1;0;20;0;0;0;0.0;0.3
1;1;1;9500;1;132.0;19;2;9;3;126.0;0;1;0;0;19;7;7;6;12.183333333333332;2.6
1;43;1;9670;1;132.0;3;19;4;8;120.5;0;1;1;0;19;6;17;4;12.5;-0.3
1;18;2;9500;1;131.0;1;3;3;2;121.2;0;1;0;0;18;7;8;7;12.4;0.3
1;17;1;9238;1;133.1;1;38;9;7;110.5;0;1;0;0;19;6;10;6;14.25;0.3
1;1;3;9070;1;129.0;5;3;5;7;124.8;0;1;0;0;21;6;6;6;14.5;0.5
1;42;1;9500;1;122.0;3;3;2;2;122.0;0;1;0;0;20;8;11;6;12.491666666666667;3.7
2;1;1;9500;1;142.0;19;38;4;5;130.3;0;1;0;0;18;7;7;6;13.683333333333332;2.6
2;1;4;9500;1;140.0;1;37;4;9;128.0;0;1;0;1;18;7;7;6;14.066666666666668;2.6
1;1;1;9147;1;136.0;1;3;9;5;137.1;0;1;1;0;20;5;5;0;0.0;3.7
1;1;5;9500;1;111.0;3;4;4;3;108.2;0;1;0;0;20;7;9;6;13.266666666666666;0.5
1;1;2;9070;1;164.0;38;38;9;7;165.8;0;1;0;0;18;6;7;6;14.166666666666666;-0.8
1;17;1;9147;1;140.0;37;37;9;7;132.3;0;1;0;0;20;5;9;1;10.0;2.6
1;17;1;9500;1;141.0;38;38;7;10;139.8;0;1;0;0;18;8;8;8;14.935;-0.8
1;18;4;9254;1;106.0;19;37;7;7;106.0;0;1;1;1;21;6;8;4;10.5;-0.8
1;15;1;9085;1;133.1;37;37;9;9;109.6;0;1;0;0;18;6;13;4;12.25;0.6
1;1;1;9853;1;122.0;38;37;191;195;112.9;0;1;0;1;19;7;8;7;13.857142857142858;1.4
1;1;1;9147;1;180.0;37;37;7;4;153.8;0;1;0;1;20;5;5;5;13.8;-0.8
1;1;1;9238;1;121.0;1;1;1;1;115.1;0;1;0;0;19;6;10;6;10.833333333333334;0.6
1;7;1;9991;3;130.0;3;19;2;3;133.9;0;1;0;0;28;5;7;5;13.714285714285714;0.3
1;44;1;9003;39;120.0;1;19;9;7;120.0;0;1;1;0;22;6;15;3;11.75;-0.3
1;39;1;8014;38;133.1;38;37;4;8;95.5;0;1;1;0;29;6;11;6;12.0;0.6
1;1;3;9670;1;120.0;37;37;7;7;111.3;0;1;1;0;19;5;7;3;11.333333333333334;-0.8
1;39;1;9130;19;133.1;34;34;99;99;96.0;0;1;1;0;31;5;5;0;0.0;2.6
1;1;1;9773;1;150.0;19;11;0;0;131.1;0;1;1;0;19;6;6;6;11.666666666666666;2.6
6;39;1;9500;1;133.1;37;37;9;9;110.0;0;1;0;0;36;7;12;4;11.5;0.3
1;39;1;9991;1;110.0;37;37;7;7;133.9;0;1;0;0;30;5;7;5;11.4;1.4
1;1;1;9147;1;112.0;9;22;4;3;106.1;0;1;0;0;20;5;13;2;10.0;-0.8
1;1;1;9853;1;145.0;37;37;9;5;146.8;0;1;0;0;18;6;6;6;13.166666666666666;2.6
1;1;1;9085;1;130.0;19;38;4;7;121.3;0;1;0;0;19;6;15;6;14.166666666666666;2.8
1;1;4;9773;1;122.0;41;1;4;3;119.6;0;1;0;0;19;6;6;4;12.0;0.6
